,job_id,load_info_staleness,placement_info_staleness,req_inter_arrival_delay,workflow_type,scheduler_type,slowdown,response_time,num_activation_dags
0,0,0,60000,20,0,centralheft,13.277681771069512,242.98157641057207,832
2,2,0,60000,20,2,centralheft,142.68622796190348,1640.89162156189,832
3,3,0,60000,20,3,centralheft,48.721898179319396,2197.3576078873048,832
1,1,0,60000,20,1,centralheft,118.46451433745953,3553.935430123786,832
4,4,0,60000,20,0,centralheft,13.346995438379642,244.25001652234747,832
6,6,0,60000,20,3,centralheft,48.620236032455566,2192.772645063746,832
8,8,0,60000,20,0,centralheft,13.70084149614716,250.72539937949304,832
5,5,0,60000,20,2,centralheft,79.1997830630664,910.7975052252636,832
10,10,0,60000,20,0,centralheft,14.02137790853787,256.59121572624304,832
12,12,0,60000,20,0,centralheft,15.26185395308824,279.2919273415148,832
9,9,0,60000,20,3,centralheft,47.91917515793843,2161.1547996230233,832
11,11,0,60000,20,2,centralheft,85.78685115432017,986.548788274682,832
13,13,0,60000,20,0,centralheft,15.310008127210288,280.1731487279483,832
7,7,0,60000,20,1,centralheft,123.60773431291047,3708.232029387314,832
15,15,0,60000,20,2,centralheft,84.26959689859778,969.1003643338745,832
18,18,0,60000,20,2,centralheft,84.90134270471262,976.3654411041952,832
14,14,0,60000,20,3,centralheft,47.45565954221513,2140.2502453539023,832
16,16,0,60000,20,0,centralheft,14.986691557703008,274.25645550596505,832
20,20,0,60000,20,3,centralheft,47.46621241115726,2140.7261797431925,832
22,22,0,60000,20,3,centralheft,47.05200022143617,2122.045209986771,832
19,19,0,60000,20,2,centralheft,77.63542680005635,892.807408200648,832
23,23,0,60000,20,3,centralheft,47.3955576371993,2137.5396494376887,832
25,25,0,60000,20,3,centralheft,47.4256523186006,2138.896919568887,832
17,17,0,60000,20,1,centralheft,127.74015784877638,3832.2047354632914,832
24,24,0,60000,20,2,centralheft,76.9542601633477,884.9739918784985,832
26,26,0,60000,20,3,centralheft,47.416143699713565,2138.468080857082,832
27,27,0,60000,20,1,centralheft,127.41445314589811,3822.4335943769433,832
21,21,0,60000,20,0,centralheft,14.046483708946656,257.05065187372384,832
29,29,0,60000,20,3,centralheft,48.268584463591544,2176.9131593079787,832
32,32,0,60000,20,3,centralheft,49.03374578311975,2211.4219348187007,832
30,30,0,60000,20,1,centralheft,128.55145676372587,3856.543702911776,832
28,28,0,60000,20,2,centralheft,72.54518764622979,834.2696579316427,832
34,34,0,60000,20,1,centralheft,127.84556733581559,3835.3670200744677,832
35,35,0,60000,20,2,centralheft,72.21940318567435,830.523136635255,832
31,31,0,60000,20,0,centralheft,8.657028941145875,158.42362962296951,832
36,36,0,60000,20,1,centralheft,127.54996465342381,3826.4989396027145,832
39,39,0,60000,20,1,centralheft,120.29788961378463,3608.936688413539,832
40,40,0,60000,20,1,centralheft,127.26176750885784,3817.853025265735,832
38,38,0,60000,20,0,centralheft,8.923628323768584,163.3023983249651,832
37,37,0,60000,20,2,centralheft,67.53598415422057,776.6638177735365,832
41,41,0,60000,20,1,centralheft,126.59118682999194,3797.735604899758,832
33,33,0,60000,20,3,centralheft,36.01812997105678,1624.4176616946609,832
43,43,0,60000,20,2,centralheft,65.49827006508009,753.230105748421,832
44,44,0,60000,20,1,centralheft,125.91917400602294,3777.575220180688,832
47,47,0,60000,20,1,centralheft,125.5624642210564,3766.873926631692,832
46,46,0,60000,20,2,centralheft,69.3993920529555,798.0930086089884,832
48,48,0,60000,20,1,centralheft,125.13327689025327,3753.998306707598,832
49,49,0,60000,20,2,centralheft,73.2122382601593,841.940739991832,832
50,50,0,60000,20,1,centralheft,124.8582760729939,3745.748282189817,832
42,42,0,60000,20,0,centralheft,8.013304141753546,146.64346579408988,832
52,52,0,60000,20,1,centralheft,124.60390551337649,3738.1171654012946,832
51,51,0,60000,20,2,centralheft,65.49827006508009,753.230105748421,832
53,53,0,60000,20,0,centralheft,7.13719995090303,130.61075910152545,832
56,56,0,60000,20,0,centralheft,7.641391675402201,139.8374676598603,832
55,55,0,60000,20,2,centralheft,65.49827006508009,753.230105748421,832
57,57,0,60000,20,0,centralheft,7.094832177899481,129.8354288555605,832
45,45,0,60000,20,3,centralheft,35.42003272317762,1597.4434758153106,832
58,58,0,60000,20,2,centralheft,65.49827006508009,753.230105748421,832
54,54,0,60000,20,1,centralheft,122.61244555839116,3678.373366751735,832
62,62,0,60000,20,1,centralheft,122.5742276068905,3677.2268282067153,832
61,61,0,60000,20,2,centralheft,65.49827006508009,753.230105748421,832
64,64,0,60000,20,2,centralheft,65.49827006508009,753.230105748421,832
63,63,0,60000,20,1,centralheft,122.9275963483785,3687.827890451355,832
65,65,0,60000,20,2,centralheft,67.24045794721323,773.2652663929521,832
60,60,0,60000,20,3,centralheft,33.62104699332191,1516.3092193988184,832
67,67,0,60000,20,2,centralheft,65.66691684996637,755.1695437746133,832
68,68,0,60000,20,3,centralheft,33.432290330813,1507.7962939196661,832
59,59,0,60000,20,0,centralheft,3.959762780218644,72.46365887800118,832
69,69,0,60000,20,2,centralheft,65.87011796911197,757.5063566447877,832
72,72,0,60000,20,2,centralheft,65.49827006508008,753.2301057484209,832
73,73,0,60000,20,2,centralheft,65.49827006508009,753.230105748421,832
70,70,0,60000,20,3,centralheft,37.51251078551159,1691.8142364265727,832
66,66,0,60000,20,1,centralheft,119.5798829875444,3587.396489626332,832
75,75,0,60000,20,3,centralheft,37.29909706638894,1682.189277694141,832
71,71,0,60000,20,0,centralheft,3.404196060691644,62.29678791065709,832
78,78,0,60000,20,0,centralheft,4.331222848806129,79.26137813315216,832
79,79,0,60000,20,0,centralheft,4.49478524036528,82.25456989868462,832
80,80,0,60000,20,0,centralheft,5.003636875552819,91.56655482261658,832
74,74,0,60000,20,2,centralheft,65.49827006508008,753.2301057484209,832
82,82,0,60000,20,2,centralheft,65.49827006508009,753.230105748421,832
76,76,0,60000,20,1,centralheft,98.9917300674937,2969.751902024811,832
84,84,0,60000,20,1,centralheft,101.00671825168119,3030.201547550436,832
81,81,0,60000,20,0,centralheft,3.755191351753126,68.72000173708221,832
77,77,0,60000,20,3,centralheft,32.97739472699411,1487.2805021874344,832
87,87,0,60000,20,3,centralheft,33.101451378180876,1492.8754571559575,832
85,85,0,60000,20,1,centralheft,100.66858483494768,3020.0575450484303,832
89,89,0,60000,20,1,centralheft,100.56302383121402,3016.890714936421,832
88,88,0,60000,20,3,centralheft,36.05803934901132,1626.2175746404105,832
86,86,0,60000,20,0,centralheft,3.897489285912941,71.32405393220682,832
92,92,0,60000,20,0,centralheft,4.296017433769656,78.61711903798471,832
83,83,0,60000,20,2,centralheft,65.49827006508008,753.2301057484209,832
90,90,0,60000,20,1,centralheft,100.00096847405356,3000.029054221607,832
93,93,0,60000,20,0,centralheft,4.194482843412167,76.75903603444266,832
95,95,0,60000,20,1,centralheft,99.66473927276007,2989.9421781828023,832
91,91,0,60000,20,3,centralheft,36.18153883976569,1631.7874016734327,832
94,94,0,60000,20,2,centralheft,65.49827006508009,753.230105748421,832
97,97,0,60000,20,1,centralheft,99.30230012666257,2979.069003799877,832
100,100,0,60000,20,1,centralheft,98.90471385614342,2967.1414156843025,832
99,99,0,60000,20,2,centralheft,65.65991134857995,755.0889805086695,832
102,102,0,60000,20,2,centralheft,65.69214770446274,755.4596986013215,832
96,96,0,60000,20,0,centralheft,3.1528299404730666,57.69678791065712,832
98,98,0,60000,20,3,centralheft,32.99513364109165,1488.0805272132334,832
104,104,0,60000,20,0,centralheft,3.5946632828305325,65.78233807579875,832
106,106,0,60000,20,0,centralheft,3.7996791550959204,69.53412853825535,832
107,107,0,60000,20,0,centralheft,4.159527415051288,76.11935169543858,832
105,105,0,60000,20,3,centralheft,31.79673644277049,1434.0328135689492,832
103,103,0,60000,20,2,centralheft,66.00249683945125,759.0287136536894,832
109,109,0,60000,20,3,centralheft,32.000391537457965,1443.2176583393543,832
110,110,0,60000,20,2,centralheft,69.49587358347415,799.2025462099527,832
112,112,0,60000,20,2,centralheft,78.97407142826893,908.2018214250927,832
111,111,0,60000,20,3,centralheft,34.607102058042614,1560.7803028177218,832
113,113,0,60000,20,2,centralheft,76.96519083161172,885.0996945635347,832
101,101,0,60000,20,1,centralheft,96.71937599357872,2901.5812798073616,832
114,114,0,60000,20,3,centralheft,34.68051510686612,1564.091231319662,832
115,115,0,60000,20,2,centralheft,76.98013143344232,885.2715114845867,832
116,116,0,60000,20,1,centralheft,96.88262418208882,2906.4787254626644,832
118,118,0,60000,20,2,centralheft,76.38975798417493,878.4822168180118,832
119,119,0,60000,20,1,centralheft,97.24353372542582,2917.3060117627747,832
108,108,0,60000,20,0,centralheft,3.6555621809102274,66.89678791065717,832
122,122,0,60000,20,0,centralheft,4.056057156780002,74.22584596907404,832
123,123,0,60000,20,0,centralheft,4.971988569111738,90.9873908147448,832
117,117,0,60000,20,3,centralheft,34.22417652186993,1543.5103611363338,832
124,124,0,60000,20,0,centralheft,5.013488011585734,91.74683061201893,832
126,126,0,60000,20,0,centralheft,5.495232909844066,100.56276225014642,832
120,120,0,60000,20,2,centralheft,67.24045794721323,773.2652663929521,832
125,125,0,60000,20,3,centralheft,33.16317785455881,1495.6593212406024,832
128,128,0,60000,20,2,centralheft,66.33875361636123,762.8956665881542,832
130,130,0,60000,20,2,centralheft,67.95368570134103,781.4673855654219,832
129,129,0,60000,20,3,centralheft,33.55338561590084,1513.2576912771278,832
131,131,0,60000,20,2,centralheft,65.89612015030033,757.8053817284539,832
121,121,0,60000,20,1,centralheft,96.06190199347235,2881.8570598041706,832
133,133,0,60000,20,2,centralheft,72.6054875586246,834.9631069241829,832
135,135,0,60000,20,2,centralheft,76.86536086814867,883.9516499837098,832
136,136,0,60000,20,2,centralheft,66.03587376628508,759.4125483122784,832
134,134,0,60000,20,1,centralheft,97.68185074789949,2930.4555224369847,832
137,137,0,60000,20,2,centralheft,73.10455988776336,840.7024387092786,832
138,138,0,60000,20,1,centralheft,97.48287566650394,2924.486269995118,832
127,127,0,60000,20,0,centralheft,18.931280713758156,346.4424370617743,832
141,141,0,60000,20,0,centralheft,19.408567148504225,355.17677881762734,832
142,142,0,60000,20,0,centralheft,19.151826248213343,350.47842034230416,832
139,139,0,60000,20,2,centralheft,68.97519383431033,793.2147290945688,832
143,143,0,60000,20,0,centralheft,21.220090077717753,388.3276484222349,832
140,140,0,60000,20,1,centralheft,96.11803605951681,2883.5410817855045,832
132,132,0,60000,20,3,centralheft,31.8264043551702,1435.3708364181762,832
147,147,0,60000,20,3,centralheft,33.78835956008852,1523.8550161599924,832
148,148,0,60000,20,3,centralheft,33.87537207255011,1527.7792804720098,832
146,146,0,60000,20,1,centralheft,96.81136747482779,2904.3410242448335,832
144,144,0,60000,20,2,centralheft,71.91735548367635,827.049588062278,832
150,150,0,60000,20,1,centralheft,97.97985243265641,2939.3955729796926,832
152,152,0,60000,20,1,centralheft,97.94524406294461,2938.3573218883384,832
151,151,0,60000,20,2,centralheft,70.9696039501103,816.1504454262684,832
154,154,0,60000,20,2,centralheft,65.89827006508008,757.830105748421,832
145,145,0,60000,20,0,centralheft,19.551252355394258,357.7879181037149,832
153,153,0,60000,20,1,centralheft,97.6419694928474,2929.2590847854217,832
155,155,0,60000,20,2,centralheft,66.09523286134394,760.0951779054553,832
156,156,0,60000,20,0,centralheft,54.20344617877401,991.9230650715643,832
158,158,0,60000,20,2,centralheft,65.5600315586455,753.9403629244233,832
159,159,0,60000,20,0,centralheft,57.886929733057364,1059.3308141149498,832
160,160,0,60000,20,2,centralheft,65.78913369963895,756.575037545848,832
161,161,0,60000,20,0,centralheft,19.33115884997255,353.7602069544977,832
162,162,0,60000,20,2,centralheft,65.49827006508009,753.2301057484211,832
163,163,0,60000,20,0,centralheft,59.55742385163476,1089.9008564849162,832
149,149,0,60000,20,3,centralheft,26.802948832204706,1208.8129923324323,832
157,157,0,60000,20,1,centralheft,94.2802830879588,2828.4084926387636,832
164,164,0,60000,20,2,centralheft,65.49827006508009,753.2301057484211,832
167,167,0,60000,20,1,centralheft,94.10219061243188,2823.0657183729563,832
168,168,0,60000,20,2,centralheft,84.68542536780782,973.8823917297899,832
165,165,0,60000,20,0,centralheft,9.180420439780955,168.00169404799146,832
171,171,0,60000,20,0,centralheft,9.643062075076688,176.4680359739034,832
170,170,0,60000,20,2,centralheft,71.30815096490632,820.0437360964227,832
169,169,0,60000,20,1,centralheft,94.73496980333563,2842.049094100069,832
166,166,0,60000,20,3,centralheft,24.722395421922645,1114.9800335287114,832
174,174,0,60000,20,1,centralheft,94.52765792982933,2835.82973789488,832
172,172,0,60000,20,0,centralheft,8.849651258730377,161.9486180347659,832
175,175,0,60000,20,3,centralheft,25.121733411127508,1132.9901768418506,832
177,177,0,60000,20,0,centralheft,7.8504413587208415,143.6630768645914,832
176,176,0,60000,20,1,centralheft,93.19620995049952,2795.886298514986,832
179,179,0,60000,20,0,centralheft,15.733055292739154,287.9149118571265,832
180,180,0,60000,20,1,centralheft,93.41370803788578,2802.4112411365736,832
181,181,0,60000,20,0,centralheft,15.977209812631918,292.3829395711641,832
182,182,0,60000,20,1,centralheft,95.53580185367584,2866.074055610275,832
184,184,0,60000,20,1,centralheft,95.13468253309571,2854.0404759928715,832
183,183,0,60000,20,0,centralheft,7.95908239003386,145.65120773761964,832
173,173,0,60000,20,2,centralheft,65.60013333417025,754.4015333429579,832
187,187,0,60000,20,2,centralheft,66.2624630778996,762.0183253958453,832
188,188,0,60000,20,2,centralheft,66.16164158204289,760.8588781934932,832
186,186,0,60000,20,0,centralheft,7.23106283431133,132.32844986789735,832
178,178,0,60000,20,3,centralheft,26.19128832484,1181.227103450284,832
189,189,0,60000,20,2,centralheft,65.49827006508009,753.230105748421,832
192,192,0,60000,20,2,centralheft,65.49827006508009,753.230105748421,832
193,193,0,60000,20,2,centralheft,65.49827006508008,753.2301057484209,832
190,190,0,60000,20,0,centralheft,9.217871030647427,168.6870398608479,832
185,185,0,60000,20,1,centralheft,93.2283634530132,2796.8509035903962,832
196,196,0,60000,20,1,centralheft,92.94754296610463,2788.426288983139,832
195,195,0,60000,20,0,centralheft,20.641922115384567,377.7471747115376,832
191,191,0,60000,20,3,centralheft,24.631778587893848,1110.8932143140125,832
194,194,0,60000,20,2,centralheft,65.49827006508009,753.230105748421,832
197,197,0,60000,20,1,centralheft,94.07063927355573,2822.1191782066717,832
198,198,0,60000,20,0,centralheft,21.233113008263082,388.56596805121444,832
200,200,0,60000,20,2,centralheft,65.70177114861204,755.5703682090384,832
201,201,0,60000,20,1,centralheft,94.47475066462059,2834.2425199386175,832
203,203,0,60000,20,2,centralheft,65.81289794078455,756.8483263190224,832
204,204,0,60000,20,1,centralheft,95.12451639020176,2853.735491706053,832
199,199,0,60000,20,3,centralheft,24.270712830873922,1094.609148672414,832
207,207,0,60000,20,3,centralheft,26.240041697821685,1183.425880571758,832
208,208,0,60000,20,3,centralheft,23.90979400998476,1078.3317098503128,832
205,205,0,60000,20,2,centralheft,66.1266056912504,760.4559654493796,832
210,210,0,60000,20,2,centralheft,66.12668332882039,760.4568582814345,832
202,202,0,60000,20,0,centralheft,28.819789855135234,527.4021543489748,832
211,211,0,60000,20,2,centralheft,65.49827006508009,753.230105748421,832
206,206,0,60000,20,1,centralheft,93.71262056017746,2811.378616805324,832
209,209,0,60000,20,3,centralheft,22.912047298463925,1033.333333160723,832
212,212,0,60000,20,0,centralheft,20.743398273760178,379.6041884098113,832
215,215,0,60000,20,3,centralheft,23.435849810459437,1056.9568264517206,832
216,216,0,60000,20,0,centralheft,15.934344445077626,291.5985033449206,832
218,218,0,60000,20,0,centralheft,17.551131181205346,321.18570061605783,832
214,214,0,60000,20,1,centralheft,93.17658212324902,2795.2974636974704,832
220,220,0,60000,20,1,centralheft,93.23229589369025,2796.9688768107076,832
213,213,0,60000,20,2,centralheft,65.55519092256384,753.8846956094842,832
217,217,0,60000,20,3,centralheft,24.32940944448479,1097.256365946264,832
222,222,0,60000,20,2,centralheft,66.09105522409286,760.0471350770679,832
224,224,0,60000,20,2,centralheft,65.8540261213338,757.3213003953388,832
219,219,0,60000,20,0,centralheft,7.584834839170635,138.80247755682262,832
223,223,0,60000,20,3,centralheft,24.25250957034143,1093.7881816223985,832
227,227,0,60000,20,3,centralheft,29.548961396196027,1332.6581589684408,832
228,228,0,60000,20,3,centralheft,30.62152991296501,1381.0309990747219,832
225,225,0,60000,20,2,centralheft,65.49827006508009,753.230105748421,832
226,226,0,60000,20,0,centralheft,6.968216650040017,127.51836469573232,832
221,221,0,60000,20,1,centralheft,96.74533024047567,2902.35990721427,832
232,232,0,60000,20,1,centralheft,97.26919749939076,2918.075924981723,832
233,233,0,60000,20,1,centralheft,97.14102320381426,2914.2306961144277,832
231,231,0,60000,20,0,centralheft,30.637293637151974,560.6624735598812,832
229,229,0,60000,20,3,centralheft,22.633233639747186,1020.7588371525981,832
230,230,0,60000,20,2,centralheft,65.84376818163543,757.2033340888074,832
237,237,0,60000,20,2,centralheft,65.75860291135643,756.223933480599,832
235,235,0,60000,20,0,centralheft,11.279276276829211,206.41075586597458,832
238,238,0,60000,20,2,centralheft,65.49827006508009,753.230105748421,832
239,239,0,60000,20,0,centralheft,11.652674507011737,213.2439434783148,832
241,241,0,60000,20,0,centralheft,12.138000965243764,222.1254176639609,832
234,234,0,60000,20,1,centralheft,94.96253753114868,2848.8761259344606,832
243,243,0,60000,20,1,centralheft,95.12109240746149,2853.6327722238448,832
244,244,0,60000,20,1,centralheft,96.0242936804873,2880.728810414619,832
240,240,0,60000,20,2,centralheft,65.62649040140933,754.7046396162073,832
236,236,0,60000,20,3,centralheft,25.744523019356002,1161.0779881729557,832
247,247,0,60000,20,3,centralheft,25.8258144850717,1164.7442332767337,832
242,242,0,60000,20,0,centralheft,18.106727131776978,331.3531065115187,832
248,248,0,60000,20,3,centralheft,25.92574537149051,1169.251116254222,832
249,249,0,60000,20,0,centralheft,6.2574355967184045,114.5110714199468,832
251,251,0,60000,20,0,centralheft,6.7053996823065205,122.70881418620934,832
245,245,0,60000,20,1,centralheft,93.10680411619741,2793.204123485922,832
253,253,0,60000,20,1,centralheft,93.9439487643502,2818.318462930506,832
246,246,0,60000,20,2,centralheft,65.71335661886965,755.703601117001,832
252,252,0,60000,20,0,centralheft,17.29863029225056,316.56493434818526,832
250,250,0,60000,20,3,centralheft,21.295084878691227,960.4083280289744,832
257,257,0,60000,20,3,centralheft,22.03374424602278,993.7218654956275,832
258,258,0,60000,20,3,centralheft,24.914833114531728,1123.658973465381,832
254,254,0,60000,20,1,centralheft,94.20923426924583,2826.277028077375,832
256,256,0,60000,20,0,centralheft,38.70295581967438,708.2640915000411,832
259,259,0,60000,20,3,centralheft,23.547375248380106,1061.9866237019428,832
262,262,0,60000,20,3,centralheft,24.249821369101245,1093.6669437464661,832
261,261,0,60000,20,0,centralheft,32.04436363405894,586.4118545032786,832
263,263,0,60000,20,3,centralheft,23.78539596557554,1072.7213580474568,832
260,260,0,60000,20,1,centralheft,97.5257125918068,2925.771377754204,832
265,265,0,60000,20,3,centralheft,23.76542507189754,1071.820670742579,832
266,266,0,60000,20,1,centralheft,98.16755458298643,2945.0266374895928,832
267,267,0,60000,20,3,centralheft,22.43946528727585,1012.019884456141,832
255,255,0,60000,20,2,centralheft,65.86849715180733,757.4877172457843,832
264,264,0,60000,20,0,centralheft,32.6718075704791,597.8940785397676,832
271,271,0,60000,20,0,centralheft,12.926731562059604,236.55918758569078,832
269,269,0,60000,20,3,centralheft,23.270640560329582,1049.5058892708641,832
268,268,0,60000,20,1,centralheft,98.82563427164857,2964.769028149457,832
270,270,0,60000,20,2,centralheft,65.55195083167293,753.8474345642387,832
272,272,0,60000,20,0,centralheft,30.448811771449055,557.2132554175178,832
274,274,0,60000,20,1,centralheft,97.81046835132129,2934.3140505396386,832
275,275,0,60000,20,2,centralheft,66.09827006508007,760.1301057484209,832
278,278,0,60000,20,2,centralheft,66.09138950485278,760.050979305807,832
279,279,0,60000,20,2,centralheft,65.7078037565872,755.6397432007527,832
280,280,0,60000,20,2,centralheft,65.49827006508009,753.230105748421,832
273,273,0,60000,20,3,centralheft,21.15890541275188,954.2666341151098,832
277,277,0,60000,20,1,centralheft,97.61668454773138,2928.5005364319413,832
282,282,0,60000,20,3,centralheft,27.49860534062648,1240.1871008622543,832
281,281,0,60000,20,2,centralheft,65.49827006508006,753.2301057484208,832
284,284,0,60000,20,3,centralheft,27.54358084784,1242.2154962375841,832
283,283,0,60000,20,1,centralheft,98.75487478588441,2962.6462435765325,832
286,286,0,60000,20,3,centralheft,20.008080418787447,902.3644268873138,832
288,288,0,60000,20,3,centralheft,21.382711150539624,964.360272889337,832
287,287,0,60000,20,1,centralheft,98.80678391187345,2964.2035173562035,832
276,276,0,60000,20,0,centralheft,14.254580915832745,260.85883075973925,832
290,290,0,60000,20,1,centralheft,98.45347619373806,2953.604285812142,832
291,291,0,60000,20,0,centralheft,24.706465755933362,452.1283233335805,832
293,293,0,60000,20,0,centralheft,13.894533651620563,254.2699658246563,832
292,292,0,60000,20,1,centralheft,98.85348231184737,2965.6044693554213,832
289,289,0,60000,20,3,centralheft,27.833026812112518,1255.2695092262745,832
296,296,0,60000,20,3,centralheft,30.042116654615402,1354.8994611231547,832
294,294,0,60000,20,0,centralheft,11.224990326060766,205.41732296691202,832
298,298,0,60000,20,0,centralheft,7.713755797936044,141.16173110222962,832
285,285,0,60000,20,2,centralheft,65.49827006508006,753.2301057484208,832
300,300,0,60000,20,2,centralheft,65.49827006508006,753.2301057484208,832
299,299,0,60000,20,0,centralheft,11.933765970880946,218.38791726712134,832
302,302,0,60000,20,0,centralheft,12.13757721576808,222.11766304855587,832
295,295,0,60000,20,1,centralheft,98.59576779960267,2957.87303398808,832
303,303,0,60000,20,0,centralheft,11.420223354427927,208.99008738603106,832
297,297,0,60000,20,3,centralheft,26.008584060536784,1172.987141130209,832
305,305,0,60000,20,0,centralheft,11.320885053321353,207.17219647578077,832
301,301,0,60000,20,2,centralheft,65.49827006508009,753.230105748421,832
304,304,0,60000,20,1,centralheft,98.84045729237508,2965.2137187712524,832
309,309,0,60000,20,1,centralheft,99.07943457307186,2972.383037192156,832
310,310,0,60000,20,1,centralheft,99.18883332920463,2975.6649998761386,832
308,308,0,60000,20,2,centralheft,65.49827006508006,753.2301057484208,832
306,306,0,60000,20,3,centralheft,21.07546651292007,950.5035397326951,832
312,312,0,60000,20,2,centralheft,65.8634874563844,757.4301057484206,832
311,311,0,60000,20,1,centralheft,98.59128053507351,2957.738416052205,832
313,313,0,60000,20,3,centralheft,27.381792142299886,1234.918825617725,832
314,314,0,60000,20,2,centralheft,65.94711147260932,758.3917819350072,832
307,307,0,60000,20,0,centralheft,9.905999963990185,181.2797993410204,832
315,315,0,60000,20,1,centralheft,94.34640561700722,2830.392168510217,832
316,316,0,60000,20,3,centralheft,24.936479520091527,1124.635226356128,832
318,318,0,60000,20,0,centralheft,9.804174302220245,179.4163897306305,832
321,321,0,60000,20,0,centralheft,10.224680046722163,187.11164485501558,832
320,320,0,60000,20,3,centralheft,27.095569599945385,1222.010188957537,832
323,323,0,60000,20,3,centralheft,27.476314179239417,1239.1817694836977,832
322,322,0,60000,20,0,centralheft,8.75806118583935,160.27251970086013,832
317,317,0,60000,20,2,centralheft,66.15197262477764,760.7476851849428,832
319,319,0,60000,20,1,centralheft,97.66641530122043,2929.9924590366127,832
326,326,0,60000,20,2,centralheft,68.34011398770133,785.9113108585652,832
328,328,0,60000,20,2,centralheft,68.32335675908249,785.7186027294485,832
327,327,0,60000,20,1,centralheft,99.09813589451026,2972.944076835308,832
330,330,0,60000,20,1,centralheft,98.26263388109656,2947.879016432897,832
325,325,0,60000,20,0,centralheft,5.734740928573981,104.94575899290385,832
324,324,0,60000,20,3,centralheft,24.041779958843716,1084.2842761438517,832
331,331,0,60000,20,1,centralheft,94.60650668653307,2838.195200595992,832
329,329,0,60000,20,2,centralheft,65.60240792843142,754.4276911769614,832
334,334,0,60000,20,1,centralheft,94.15653937580558,2824.6961812741674,832
333,333,0,60000,20,3,centralheft,26.18806053978891,1181.08153034448,832
335,335,0,60000,20,2,centralheft,65.49827006508005,753.2301057484206,832
337,337,0,60000,20,3,centralheft,25.992835762336973,1172.2768928813975,832
339,339,0,60000,20,3,centralheft,28.290680049226832,1275.9096702201302,832
332,332,0,60000,20,0,centralheft,17.01050402499718,311.2922236574484,832
338,338,0,60000,20,2,centralheft,65.49827006508009,753.230105748421,832
340,340,0,60000,20,3,centralheft,35.951474512045735,1621.4115004932626,832
343,343,0,60000,20,3,centralheft,25.646760507172957,1156.6688988735004,832
342,342,0,60000,20,2,centralheft,65.49827006508006,753.2301057484208,832
344,344,0,60000,20,3,centralheft,34.328644912236946,1548.2218855418862,832
336,336,0,60000,20,1,centralheft,96.856959012596,2905.70877037788,832
347,347,0,60000,20,1,centralheft,97.33425396473136,2920.027618941941,832
341,341,0,60000,20,0,centralheft,17.665314509302014,323.2752555202269,832
346,346,0,60000,20,3,centralheft,25.779741454345842,1162.6663395909975,832
348,348,0,60000,20,1,centralheft,97.96824595069205,2939.0473785207614,832
349,349,0,60000,20,0,centralheft,17.99405908074016,329.291281177545,832
350,350,0,60000,20,3,centralheft,26.509858163376318,1195.594603168272,832
352,352,0,60000,20,0,centralheft,20.445646542244027,374.15533172306573,832
354,354,0,60000,20,0,centralheft,22.28744653479593,407.8602715867655,832
345,345,0,60000,20,2,centralheft,65.49827006508009,753.230105748421,832
351,351,0,60000,20,1,centralheft,98.13162054425781,2943.9486163277343,832
357,357,0,60000,20,1,centralheft,95.43038807791564,2862.911642337469,832
358,358,0,60000,20,1,centralheft,95.21328213308267,2856.39846399248,832
355,355,0,60000,20,0,centralheft,9.105447510756685,166.62968944684735,832
359,359,0,60000,20,1,centralheft,94.78596643023259,2843.578992906978,832
356,356,0,60000,20,2,centralheft,65.49827006508006,753.2301057484208,832
362,362,0,60000,20,2,centralheft,65.49827006508006,753.2301057484208,832
353,353,0,60000,20,3,centralheft,25.04142734854596,1129.3683734194228,832
360,360,0,60000,20,0,centralheft,8.675972125733185,158.7702899009173,832
365,365,0,60000,20,0,centralheft,15.399523547384577,281.81128091713776,832
366,366,0,60000,20,0,centralheft,9.49739574802251,173.80234218881196,832
367,367,0,60000,20,0,centralheft,9.726802199660574,178.0004802537885,832
361,361,0,60000,20,1,centralheft,94.09953897756124,2822.986169326837,832
363,363,0,60000,20,2,centralheft,65.49827006508006,753.2301057484208,832
364,364,0,60000,20,3,centralheft,24.801311956654384,1118.5391692451128,832
368,368,0,60000,20,0,centralheft,9.480872539674587,173.49996747604496,832
371,371,0,60000,20,3,centralheft,25.850311832790705,1165.8490636588608,832
370,370,0,60000,20,2,centralheft,65.74341045458348,756.0492202277101,832
374,374,0,60000,20,2,centralheft,65.49827006508005,753.2301057484206,832
372,372,0,60000,20,0,centralheft,8.937691237682314,163.55974964958637,832
376,376,0,60000,20,0,centralheft,9.359732352009997,171.28310204178297,832
377,377,0,60000,20,0,centralheft,9.770419210243759,178.7986715474608,832
373,373,0,60000,20,3,centralheft,37.342735199152,1684.1573574817555,832
378,378,0,60000,20,0,centralheft,14.193654193134526,259.74387173436185,832
369,369,0,60000,20,1,centralheft,96.59997495433666,2897.9992486301,832
381,381,0,60000,20,1,centralheft,96.944587228607,2908.3376168582104,832
382,382,0,60000,20,1,centralheft,96.0773622620499,2882.320867861497,832
380,380,0,60000,20,0,centralheft,14.220316048255652,260.23178368307845,832
379,379,0,60000,20,3,centralheft,47.251125649985134,2131.0257668143295,832
385,385,0,60000,20,3,centralheft,48.30319945278378,2178.4742953205487,832
384,384,0,60000,20,0,centralheft,7.467034242074793,136.64672662996873,832
375,375,0,60000,20,2,centralheft,67.62948425302369,777.7390689097724,832
383,383,0,60000,20,1,centralheft,95.91354991884147,2877.406497565244,832
386,386,0,60000,20,3,centralheft,48.144987124926786,2171.338919334198,832
387,387,0,60000,20,0,centralheft,6.404510438339502,117.20254102161289,832
388,388,0,60000,20,2,centralheft,69.62205688373616,800.653654162966,832
390,390,0,60000,20,3,centralheft,41.98380637445154,1893.4696674877644,832
393,393,0,60000,20,3,centralheft,47.86022728948634,2158.496250755834,832
394,394,0,60000,20,3,centralheft,48.73094069016384,2197.7654251263893,832
395,395,0,60000,20,3,centralheft,44.51693052843016,2007.7135668322003,832
396,396,0,60000,20,3,centralheft,49.20628420004113,2219.203417421855,832
391,391,0,60000,20,0,centralheft,9.340602361857362,170.93302322198974,832
397,397,0,60000,20,3,centralheft,44.950974047088806,2027.288929523705,832
392,392,0,60000,20,2,centralheft,69.84729324128264,803.2438722747504,832
389,389,0,60000,20,1,centralheft,95.40912294992243,2862.273688497673,832
399,399,0,60000,20,3,centralheft,44.827284459857026,2021.710529139552,832
400,400,0,60000,20,2,centralheft,92.83894814921506,1067.6479037159731,832
403,403,0,60000,20,2,centralheft,92.78172382818266,1066.9898240241007,832
401,401,0,60000,20,1,centralheft,96.92956150722193,2907.886845216658,832
402,402,0,60000,20,3,centralheft,50.92415404147253,2296.679347270411,832
398,398,0,60000,20,0,centralheft,19.215419706306058,351.6421806254009,832
404,404,0,60000,20,2,centralheft,69.09587358347414,794.6025462099526,832
406,406,0,60000,20,3,centralheft,37.95432340894721,1711.7399857435191,832
409,409,0,60000,20,3,centralheft,37.93189505714182,1710.7284670770964,832
407,407,0,60000,20,0,centralheft,15.6303313232562,286.0350632155885,832
411,411,0,60000,20,0,centralheft,17.191276785816488,314.6003651804417,832
412,412,0,60000,20,0,centralheft,8.310915710993758,152.08975751118578,832
410,410,0,60000,20,3,centralheft,25.86281869785334,1166.4131232731856,832
405,405,0,60000,20,1,centralheft,98.47328003542893,2954.198401062868,832
415,415,0,60000,20,1,centralheft,98.40546780353755,2952.1640341061266,832
414,414,0,60000,20,3,centralheft,27.412626494636285,1236.3094549080965,832
416,416,0,60000,20,1,centralheft,98.0994491859275,2942.9834755778247,832
413,413,0,60000,20,0,centralheft,8.657807479530451,158.43787687540726,832
419,419,0,60000,20,0,centralheft,10.068297989673365,184.24985321102258,832
417,417,0,60000,20,3,centralheft,31.887830003677706,1438.1411331658646,832
421,421,0,60000,20,3,centralheft,20.58292231505206,928.2897964088479,832
408,408,0,60000,20,2,centralheft,65.49827006508005,753.2301057484206,832
420,420,0,60000,20,0,centralheft,8.398731111404707,153.69677933870616,832
418,418,0,60000,20,1,centralheft,97.6336751422519,2929.0102542675572,832
422,422,0,60000,20,3,centralheft,27.690869465210486,1248.858212880993,832
425,425,0,60000,20,1,centralheft,97.78799921696647,2933.639976508994,832
426,426,0,60000,20,3,centralheft,20.6895611794787,933.0992091944895,832
424,424,0,60000,20,0,centralheft,6.062629595639944,110.94612160021097,832
428,428,0,60000,20,3,centralheft,20.640658314141618,930.8936899677869,832
429,429,0,60000,20,0,centralheft,9.47201392378806,173.3378548053215,832
423,423,0,60000,20,2,centralheft,68.75291611687,790.658535344005,832
427,427,0,60000,20,1,centralheft,96.9419194413567,2908.257583240701,832
431,431,0,60000,20,0,centralheft,16.339512494843596,299.01307865563786,832
432,432,0,60000,20,2,centralheft,65.788260657109,756.5649975567535,832
434,434,0,60000,20,0,centralheft,10.6551716284729,194.98964080105407,832
436,436,0,60000,20,0,centralheft,5.716717101526815,104.61592295794071,832
433,433,0,60000,20,1,centralheft,99.007239611262,2970.2171883378596,832
437,437,0,60000,20,0,centralheft,11.416645108049616,208.92460547730798,832
438,438,0,60000,20,1,centralheft,98.21091296792751,2946.3273890378255,832
440,440,0,60000,20,1,centralheft,98.12488729724053,2943.746618917216,832
441,441,0,60000,20,1,centralheft,97.94057215411001,2938.2171646233005,832
435,435,0,60000,20,2,centralheft,65.49827006508009,753.230105748421,832
430,430,0,60000,20,3,centralheft,26.730575930748945,1205.5489744767774,832
442,442,0,60000,20,1,centralheft,98.38116398686284,2951.434919605885,832
445,445,0,60000,20,1,centralheft,98.08560772284441,2942.5682316853326,832
443,443,0,60000,20,2,centralheft,66.77426170914643,767.9040096551839,832
439,439,0,60000,20,0,centralheft,13.964506146629567,255.5504624833211,832
448,448,0,60000,20,0,centralheft,14.351575657413406,262.63383453066535,832
446,446,0,60000,20,1,centralheft,99.24126163475556,2977.2378490426668,832
450,450,0,60000,20,1,centralheft,94.64710688863562,2839.4132066590687,832
451,451,0,60000,20,1,centralheft,94.78124309619956,2843.4372928859866,832
449,449,0,60000,20,0,centralheft,14.496604166823566,265.2878562528713,832
452,452,0,60000,20,1,centralheft,94.82646890082924,2844.794067024877,832
444,444,0,60000,20,3,centralheft,23.229420832682944,1047.6468795540009,832
455,455,0,60000,20,3,centralheft,23.12252703481303,1042.8259692700676,832
453,453,0,60000,20,0,centralheft,17.39603121736177,318.3473712777204,832
447,447,0,60000,20,2,centralheft,65.69788946542181,755.5257288523508,832
456,456,0,60000,20,3,centralheft,26.87466245582369,1212.0472767576484,832
458,458,0,60000,20,2,centralheft,65.49827006508005,753.2301057484206,832
454,454,0,60000,20,1,centralheft,93.76823075035848,2813.0469225107545,832
461,461,0,60000,20,1,centralheft,94.838202420478,2845.14607261434,832
460,460,0,60000,20,2,centralheft,66.97116196173955,770.1683625600049,832
462,462,0,60000,20,1,centralheft,94.61472095233606,2838.441628570082,832
459,459,0,60000,20,3,centralheft,26.67027144710563,1202.829242264464,832
465,465,0,60000,20,3,centralheft,26.76121242435736,1206.930680338517,832
466,466,0,60000,20,3,centralheft,26.791747862483785,1208.3078285980187,832
467,467,0,60000,20,3,centralheft,20.247749146012772,913.173486485176,832
464,464,0,60000,20,1,centralheft,94.32877972347706,2829.8633917043117,832
463,463,0,60000,20,2,centralheft,66.80055738914649,768.2064099751847,832
457,457,0,60000,20,0,centralheft,7.239885899855219,132.4899119673505,832
470,470,0,60000,20,2,centralheft,65.49827006508005,753.2301057484206,832
468,468,0,60000,20,3,centralheft,21.468114549603694,968.2119661871266,832
469,469,0,60000,20,1,centralheft,93.50565981983709,2805.1697945951128,832
471,471,0,60000,20,0,centralheft,6.541024453055792,119.700747490921,832
475,475,0,60000,20,0,centralheft,10.518733604297918,192.4928249586519,832
472,472,0,60000,20,2,centralheft,66.1758507632575,761.0222837774613,832
477,477,0,60000,20,2,centralheft,65.49827006508009,753.230105748421,832
478,478,0,60000,20,2,centralheft,66.83744884085532,768.6306616698362,832
474,474,0,60000,20,1,centralheft,99.72125282164923,2991.637584649477,832
480,480,0,60000,20,1,centralheft,100.96743279133206,3029.0229837399615,832
481,481,0,60000,20,1,centralheft,99.72119745149472,2991.6359235448417,832
473,473,0,60000,20,3,centralheft,22.730847631556117,1025.1612281831808,832
482,482,0,60000,20,1,centralheft,99.86603382915753,2995.981014874726,832
483,483,0,60000,20,3,centralheft,23.76391101195836,1071.7523866393221,832
485,485,0,60000,20,3,centralheft,22.57138970938684,1017.9696758933464,832
476,476,0,60000,20,0,centralheft,13.977404502060843,255.78650238771343,832
487,487,0,60000,20,0,centralheft,14.468302819399383,264.76994159500873,832
479,479,0,60000,20,2,centralheft,65.49827006508009,753.230105748421,832
484,484,0,60000,20,1,centralheft,93.79394227620733,2813.81826828622,832
490,490,0,60000,20,1,centralheft,93.57699779768285,2807.3099339304854,832
488,488,0,60000,20,0,centralheft,8.145056030695512,149.05452536172788,832
492,492,0,60000,20,0,centralheft,8.634803985941677,158.0169129427327,832
489,489,0,60000,20,2,centralheft,65.78444052272896,756.521066011383,832
486,486,0,60000,20,3,centralheft,22.876763392156647,1031.7420289862648,832
494,494,0,60000,20,2,centralheft,65.76615347993815,756.3107650192887,832
496,496,0,60000,20,2,centralheft,66.79977855867243,768.1974534247329,832
493,493,0,60000,20,0,centralheft,17.7444323730754,324.72311242727983,832
498,498,0,60000,20,0,centralheft,17.825982615989933,326.2154818726158,832
491,491,0,60000,20,1,centralheft,97.14782201757589,2914.4346605272767,832
500,500,0,60000,20,1,centralheft,97.40891146294886,2922.267343888466,832
497,497,0,60000,20,2,centralheft,65.49827006508009,753.230105748421,832
501,501,0,60000,20,1,centralheft,96.93248866575476,2907.9746599726427,832
502,502,0,60000,20,2,centralheft,65.49827006508009,753.230105748421,832
499,499,0,60000,20,0,centralheft,17.03327301211672,311.70889612173596,832
495,495,0,60000,20,3,centralheft,19.540106322085673,881.2587951260639,832
503,503,0,60000,20,1,centralheft,97.90901411400242,2937.2704234200723,832
506,506,0,60000,20,3,centralheft,19.748585523293958,890.6612071005575,832
507,507,0,60000,20,1,centralheft,97.22971199343978,2916.891359803193,832
509,509,0,60000,20,1,centralheft,98.49744998009005,2954.9234994027015,832
508,508,0,60000,20,3,centralheft,20.2897955960314,915.0697813810161,832
510,510,0,60000,20,1,centralheft,99.13046057371824,2973.913817211547,832
505,505,0,60000,20,0,centralheft,21.13760234979464,386.81812300124193,832
513,513,0,60000,20,0,centralheft,21.267475814655,389.19480740818653,832
504,504,0,60000,20,2,centralheft,66.0982700650801,760.1301057484211,832
515,515,0,60000,20,2,centralheft,66.05525579614428,759.6354416556592,832
512,512,0,60000,20,1,centralheft,92.97596542287536,2789.278962686261,832
514,514,0,60000,20,0,centralheft,16.206793569782906,296.58432232702717,832
517,517,0,60000,20,1,centralheft,93.44390677708193,2803.317203312458,832
516,516,0,60000,20,2,centralheft,65.49827006508005,753.2301057484206,832
519,519,0,60000,20,1,centralheft,94.55270960834214,2836.581288250264,832
518,518,0,60000,20,0,centralheft,13.312169527615396,243.61270235536176,832
511,511,0,60000,20,3,centralheft,20.715361115117652,934.2627862918062,832
522,522,0,60000,20,0,centralheft,12.264576062580115,224.4417419452161,832
520,520,0,60000,20,2,centralheft,65.6271907018493,754.712693071267,832
525,525,0,60000,20,2,centralheft,65.49827006508005,753.2301057484206,832
526,526,0,60000,20,2,centralheft,65.49827006508009,753.230105748421,832
524,524,0,60000,20,0,centralheft,12.538816357067088,229.46033933432773,832
527,527,0,60000,20,2,centralheft,66.95186289790894,769.9464233259528,832
529,529,0,60000,20,2,centralheft,65.89305607776643,757.770144894314,832
521,521,0,60000,20,1,centralheft,94.19518276757812,2825.8554830273433,832
530,530,0,60000,20,2,centralheft,65.49827006508005,753.2301057484206,832
528,528,0,60000,20,0,centralheft,60.52250448900872,1107.5618321488596,832
531,531,0,60000,20,1,centralheft,98.286527273821,2948.5958182146296,832
523,523,0,60000,20,3,centralheft,20.33203793250131,916.9749107558091,832
533,533,0,60000,20,0,centralheft,13.53332082845788,247.6597711607792,832
535,535,0,60000,20,3,centralheft,20.287484255084337,914.9655399043036,832
536,536,0,60000,20,0,centralheft,7.496661155311832,137.18889914220654,832
534,534,0,60000,20,1,centralheft,98.1247644538915,2943.742933616745,832
539,539,0,60000,20,1,centralheft,98.411743242403,2952.3522972720903,832
537,537,0,60000,20,3,centralheft,21.120099694865374,952.5164962384283,832
532,532,0,60000,20,2,centralheft,66.97653093464527,770.2301057484206,832
538,538,0,60000,20,0,centralheft,26.984709849673646,493.82019024902775,832
543,543,0,60000,20,0,centralheft,26.975908723987757,493.659129648976,832
541,541,0,60000,20,3,centralheft,25.92885882957079,1169.3915332136426,832
545,545,0,60000,20,3,centralheft,24.28005511402294,1095.0304856424345,832
540,540,0,60000,20,1,centralheft,97.7784841264591,2933.3545237937733,832
544,544,0,60000,20,0,centralheft,9.019942129700231,165.06494097351424,832
547,547,0,60000,20,1,centralheft,97.26207496385487,2917.862248915646,832
546,546,0,60000,20,3,centralheft,25.566492205572324,1153.0487984713118,832
550,550,0,60000,20,3,centralheft,24.301608778670445,1096.0025559180372,832
551,551,0,60000,20,3,centralheft,24.58149165142431,1108.6252734792365,832
548,548,0,60000,20,0,centralheft,36.65663095650466,670.8163465040352,832
542,542,0,60000,20,2,centralheft,65.61696284830356,754.595072755491,832
552,552,0,60000,20,3,centralheft,24.372601692560806,1099.2043363344924,832
549,549,0,60000,20,1,centralheft,96.58797198899615,2897.6391596698845,832
556,556,0,60000,20,1,centralheft,97.2420528915386,2917.261586746158,832
554,554,0,60000,20,2,centralheft,66.65570730466924,766.5406340036961,832
553,553,0,60000,20,0,centralheft,8.450579763596162,154.64560967380976,832
559,559,0,60000,20,0,centralheft,8.921697537998874,163.2670649453794,832
558,558,0,60000,20,2,centralheft,65.64078664083623,754.8690463696166,832
560,560,0,60000,20,0,centralheft,9.305949490299124,170.29887567247397,832
555,555,0,60000,20,3,centralheft,25.598247464375074,1154.480960643316,832
561,561,0,60000,20,2,centralheft,65.85395830382629,757.3205204940023,832
563,563,0,60000,20,3,centralheft,25.16672975316739,1135.0195118678494,832
562,562,0,60000,20,0,centralheft,9.409216214502859,172.18865672540232,832
557,557,0,60000,20,1,centralheft,96.48097587072611,2894.4292761217835,832
564,564,0,60000,20,2,centralheft,65.49827006508005,753.2301057484206,832
568,568,0,60000,20,2,centralheft,66.59540148419586,765.8471170682524,832
566,566,0,60000,20,0,centralheft,6.726210561338479,123.08965327249416,832
570,570,0,60000,20,0,centralheft,5.264273892129261,96.33621222596548,832
567,567,0,60000,20,1,centralheft,97.353545326884,2920.6063598065202,832
571,571,0,60000,20,0,centralheft,5.587861291825972,102.25786164041529,832
569,569,0,60000,20,2,centralheft,65.49827006508005,753.2301057484206,832
573,573,0,60000,20,0,centralheft,10.772413973027565,197.13517570640443,832
572,572,0,60000,20,1,centralheft,99.65871988161729,2989.7615964485185,832
565,565,0,60000,20,3,centralheft,23.391176646521433,1054.9420667581167,832
576,576,0,60000,20,1,centralheft,99.27909580929204,2978.372874278761,832
577,577,0,60000,20,3,centralheft,24.201211922481818,1091.47465770393,832
579,579,0,60000,20,3,centralheft,24.21283703095035,1091.998950095861,832
578,578,0,60000,20,1,centralheft,99.4632792676112,2983.898378028336,832
581,581,0,60000,20,1,centralheft,99.32481040927262,2979.7443122781783,832
580,580,0,60000,20,3,centralheft,22.467622176642067,1013.2897601665572,832
575,575,0,60000,20,0,centralheft,11.238338449402388,205.6615936240637,832
574,574,0,60000,20,2,centralheft,67.85396162082009,780.320558639431,832
585,585,0,60000,20,2,centralheft,67.84873665627939,780.260471547213,832
584,584,0,60000,20,0,centralheft,8.565556595574746,156.74968569901785,832
583,583,0,60000,20,3,centralheft,19.386782655099818,874.3438977450019,832
588,588,0,60000,20,3,centralheft,20.206555689152747,911.3156615807889,832
582,582,0,60000,20,1,centralheft,94.48832722127607,2834.649816638282,832
586,586,0,60000,20,2,centralheft,65.49827006508009,753.230105748421,832
591,591,0,60000,20,2,centralheft,65.83395032335596,757.0904287185936,832
587,587,0,60000,20,0,centralheft,7.940209867461205,145.30584057454007,832
592,592,0,60000,20,2,centralheft,67.20528966139243,772.8608311060129,832
590,590,0,60000,20,1,centralheft,93.76149682730245,2812.8449048190737,832
594,594,0,60000,20,2,centralheft,66.75726634623724,767.7085629817284,832
595,595,0,60000,20,1,centralheft,100.37651397952126,3011.295419385638,832
596,596,0,60000,20,2,centralheft,65.49827006508005,753.2301057484206,832
598,598,0,60000,20,2,centralheft,65.49827006508009,753.230105748421,832
593,593,0,60000,20,0,centralheft,7.107771098818609,130.07221110838054,832
589,589,0,60000,20,3,centralheft,25.935701709540123,1169.7001471002595,832
597,597,0,60000,20,1,centralheft,99.94769583018362,2998.4308749055085,832
601,601,0,60000,20,3,centralheft,25.190577415356948,1136.0950414325985,832
600,600,0,60000,20,0,centralheft,5.608660905629838,102.63849457302604,832
603,603,0,60000,20,3,centralheft,25.38891912394634,1145.04025248998,832
602,602,0,60000,20,1,centralheft,99.34876092102867,2980.46282763086,832
604,604,0,60000,20,0,centralheft,11.395456004876378,208.53684488923773,832
605,605,0,60000,20,3,centralheft,22.285821754657125,1005.0905611350363,832
599,599,0,60000,20,2,centralheft,65.8653503072714,757.4515285336211,832
608,608,0,60000,20,3,centralheft,22.565959758150967,1017.7247850926087,832
607,607,0,60000,20,0,centralheft,3.929063039470529,71.90185362231068,832
610,610,0,60000,20,3,centralheft,22.10721651216977,997.0354646988567,832
606,606,0,60000,20,1,centralheft,98.19916633847069,2945.974990154121,832
613,613,0,60000,20,1,centralheft,99.21903558788391,2976.5710676365175,832
612,612,0,60000,20,3,centralheft,22.996873597011685,1037.158999225227,832
614,614,0,60000,20,1,centralheft,98.97219514656786,2969.1658543970357,832
616,616,0,60000,20,1,centralheft,99.19855630290408,2975.9566890871224,832
617,617,0,60000,20,1,centralheft,99.60004341169187,2988.0013023507563,832
618,618,0,60000,20,1,centralheft,100.1562962158334,3004.6888864750017,832
611,611,0,60000,20,0,centralheft,8.32200200262395,152.2926366480183,832
620,620,0,60000,20,0,centralheft,8.817163334490575,161.35408902117751,832
621,621,0,60000,20,0,centralheft,9.404450894734698,172.10145137364498,832
622,622,0,60000,20,0,centralheft,7.28756018029667,133.36235129942906,832
619,619,0,60000,20,1,centralheft,96.1234149833999,2883.702449501997,832
609,609,0,60000,20,2,centralheft,65.49827006508009,753.230105748421,832
624,624,0,60000,20,1,centralheft,97.52910768639306,2925.873230591792,832
625,625,0,60000,20,2,centralheft,65.49827006508005,753.2301057484206,832
626,626,0,60000,20,1,centralheft,97.70029616393498,2931.0088849180493,832
615,615,0,60000,20,3,centralheft,21.181292108597976,955.2762740977687,832
627,627,0,60000,20,2,centralheft,65.53888580959752,753.6971868103715,832
630,630,0,60000,20,2,centralheft,65.49827006508005,753.2301057484206,832
623,623,0,60000,20,0,centralheft,7.354682392327601,134.5906877795951,832
631,631,0,60000,20,2,centralheft,65.49827006508005,753.2301057484206,832
628,628,0,60000,20,1,centralheft,98.0053068545133,2940.159205635399,832
629,629,0,60000,20,3,centralheft,24.666165736467203,1112.444074714671,832
634,634,0,60000,20,1,centralheft,97.8468629454171,2935.405888362513,832
632,632,0,60000,20,0,centralheft,8.269707203642913,151.33564182666532,832
636,636,0,60000,20,1,centralheft,98.44715328520094,2953.414598556028,832
638,638,0,60000,20,1,centralheft,99.92117235998082,2997.6351707994245,832
639,639,0,60000,20,1,centralheft,98.37812787086906,2951.343836126072,832
633,633,0,60000,20,2,centralheft,65.68625197216672,755.3918976799173,832
641,641,0,60000,20,2,centralheft,65.6216889465244,754.6494228850306,832
642,642,0,60000,20,2,centralheft,65.49827006508009,753.230105748421,832
640,640,0,60000,20,1,centralheft,95.75868454879232,2872.7605364637693,832
635,635,0,60000,20,3,centralheft,19.656262748088235,886.4974499387795,832
645,645,0,60000,20,3,centralheft,24.660737457187903,1112.1992593191744,832
646,646,0,60000,20,3,centralheft,26.190264988309462,1181.1809509727568,832
637,637,0,60000,20,0,centralheft,8.59729488720228,157.3304964358017,832
647,647,0,60000,20,3,centralheft,26.290729177734637,1185.7118859158322,832
648,648,0,60000,20,0,centralheft,5.105673850223796,93.43383145909547,832
650,650,0,60000,20,0,centralheft,5.509701803300972,100.82754300040779,832
651,651,0,60000,20,0,centralheft,5.984611144886524,109.5183839514234,832
644,644,0,60000,20,1,centralheft,95.48185796531918,2864.4557389595752,832
652,652,0,60000,20,0,centralheft,6.010753437740774,109.99678791065617,832
653,653,0,60000,20,1,centralheft,93.83739366633091,2815.1218099899274,832
655,655,0,60000,20,1,centralheft,95.0169441336258,2850.508324008774,832
654,654,0,60000,20,0,centralheft,6.488105250770756,118.73232608910484,832
656,656,0,60000,20,1,centralheft,94.92880306813085,2847.864092043925,832
658,658,0,60000,20,1,centralheft,94.81195546976629,2844.358664092989,832
643,643,0,60000,20,2,centralheft,65.49827006508005,753.2301057484206,832
660,660,0,60000,20,2,centralheft,65.86348745638438,757.4301057484204,832
659,659,0,60000,20,1,centralheft,94.49176092502599,2834.7528277507795,832
661,661,0,60000,20,2,centralheft,65.49827006508009,753.230105748421,832
657,657,0,60000,20,0,centralheft,9.375058632748672,171.56357297930072,832
662,662,0,60000,20,1,centralheft,94.076062132261,2822.28186396783,832
649,649,0,60000,20,3,centralheft,26.316434885209272,1186.8712133229383,832
663,663,0,60000,20,2,centralheft,65.82636933655728,757.0032473704086,832
666,666,0,60000,20,3,centralheft,24.10854689756582,1087.2954650802185,832
667,667,0,60000,20,2,centralheft,65.79161224106014,756.6035407721915,832
665,665,0,60000,20,1,centralheft,93.33331897544772,2799.9995692634316,832
670,670,0,60000,20,1,centralheft,93.11324784731521,2793.397435419456,832
669,669,0,60000,20,2,centralheft,65.49827006508009,753.230105748421,832
668,668,0,60000,20,3,centralheft,25.91269132307928,1168.6623786708756,832
664,664,0,60000,20,0,centralheft,7.212975716542445,131.99745561272675,832
671,671,0,60000,20,1,centralheft,93.95890855626882,2818.7672566880647,832
673,673,0,60000,20,3,centralheft,26.8904034553909,1212.7571958381295,832
675,675,0,60000,20,1,centralheft,93.89951791836529,2816.9855375509587,832
677,677,0,60000,20,1,centralheft,94.10279605024544,2823.0838815073635,832
672,672,0,60000,20,2,centralheft,68.76135989663307,790.7556388112803,832
674,674,0,60000,20,0,centralheft,8.713681371337284,159.4603690954723,832
676,676,0,60000,20,3,centralheft,28.520800624879865,1286.288108182082,832
681,681,0,60000,20,3,centralheft,28.6222603581663,1290.8639421533003,832
679,679,0,60000,20,2,centralheft,65.49827006508005,753.2301057484206,832
678,678,0,60000,20,1,centralheft,96.878070922586,2906.3421276775803,832
680,680,0,60000,20,0,centralheft,7.523194474155826,137.67445887705162,832
682,682,0,60000,20,3,centralheft,27.0887348502445,1221.701941746027,832
684,684,0,60000,20,1,centralheft,97.29726941469426,2918.9180824408277,832
686,686,0,60000,20,3,centralheft,27.302103290371704,1231.3248583957638,832
683,683,0,60000,20,2,centralheft,65.49827006508005,753.2301057484206,832
689,689,0,60000,20,2,centralheft,65.49827006508005,753.2301057484206,832
688,688,0,60000,20,3,centralheft,28.421922199573135,1281.8286912007484,832
687,687,0,60000,20,1,centralheft,96.77985935106054,2903.395780531816,832
691,691,0,60000,20,3,centralheft,28.361049399277746,1279.0833279074263,832
693,693,0,60000,20,3,centralheft,28.320695671421742,1277.2633747811205,832
694,694,0,60000,20,3,centralheft,28.520816338435413,1286.2888168634372,832
695,695,0,60000,20,3,centralheft,28.40761850388944,1281.1835945254138,832
692,692,0,60000,20,1,centralheft,97.00610531564912,2910.1831594694736,832
696,696,0,60000,20,3,centralheft,23.679059166878215,1067.9255684262075,832
690,690,0,60000,20,2,centralheft,65.6637277644304,755.1328692909497,832
698,698,0,60000,20,3,centralheft,27.818840690937066,1254.6297151612616,832
700,700,0,60000,20,3,centralheft,24.71609839429934,1114.6960375829003,832
699,699,0,60000,20,2,centralheft,65.49827006508009,753.230105748421,832
697,697,0,60000,20,1,centralheft,97.26540371554405,2917.9621114663214,832
685,685,0,60000,20,0,centralheft,10.78266228555524,197.3227198256609,832
704,704,0,60000,20,0,centralheft,12.609161841617238,230.74766170159546,832
705,705,0,60000,20,0,centralheft,5.943390481635811,108.76404581393535,832
701,701,0,60000,20,3,centralheft,23.555514476334345,1062.353702882679,832
702,702,0,60000,20,2,centralheft,68.06348745638444,782.730105748421,832
708,708,0,60000,20,2,centralheft,68.76276998795832,790.7718548615208,832
706,706,0,60000,20,0,centralheft,7.1982857746068305,131.728629675305,832
703,703,0,60000,20,1,centralheft,95.74825708447803,2872.447712534341,832
711,711,0,60000,20,1,centralheft,96.37170908946061,2891.151272683818,832
707,707,0,60000,20,3,centralheft,18.712136380318768,843.9173507523765,832
713,713,0,60000,20,3,centralheft,24.539272506797012,1106.7211900565453,832
710,710,0,60000,20,0,centralheft,12.547594195972307,229.62097378629323,832
709,709,0,60000,20,2,centralheft,65.8173992679388,756.9000915812962,832
712,712,0,60000,20,1,centralheft,97.56430786948626,2926.9292360845875,832
716,716,0,60000,20,2,centralheft,65.5031893551244,753.2866775839307,832
718,718,0,60000,20,2,centralheft,65.49827006508009,753.230105748421,832
715,715,0,60000,20,0,centralheft,12.955904495120095,237.09305226069773,832
719,719,0,60000,20,2,centralheft,68.14620710057292,783.6813816565887,832
714,714,0,60000,20,3,centralheft,22.98453480665659,1036.6025197802123,832
721,721,0,60000,20,2,centralheft,65.69108606184771,755.4474897112486,832
720,720,0,60000,20,0,centralheft,14.989382219521142,274.3056946172369,832
723,723,0,60000,20,2,centralheft,67.39035386888439,774.9890694921705,832
724,724,0,60000,20,0,centralheft,6.333856206431454,115.90956857769561,832
726,726,0,60000,20,0,centralheft,6.740873410483507,123.35798341184818,832
717,717,0,60000,20,1,centralheft,96.63620252638458,2899.0860757915375,832
722,722,0,60000,20,3,centralheft,22.527369093096056,1015.9843460986322,832
725,725,0,60000,20,2,centralheft,65.59845078372216,754.3821840128048,832
729,729,0,60000,20,3,centralheft,22.159134082533612,999.3769471222658,832
728,728,0,60000,20,1,centralheft,97.04058511476825,2911.2175534430476,832
730,730,0,60000,20,2,centralheft,65.49827006508005,753.2301057484206,832
732,732,0,60000,20,1,centralheft,97.89457271491446,2936.837181447434,832
734,734,0,60000,20,1,centralheft,97.77027295998369,2933.1081887995106,832
731,731,0,60000,20,3,centralheft,22.00449140079229,992.4025621757323,832
727,727,0,60000,20,0,centralheft,3.6156767157438883,66.16688389811316,832
733,733,0,60000,20,2,centralheft,65.52689508139196,753.5592934360075,832
738,738,0,60000,20,2,centralheft,65.49827006508005,753.2301057484206,832
737,737,0,60000,20,0,centralheft,8.532280178961711,156.14072727499934,832
735,735,0,60000,20,1,centralheft,97.30392897164931,2919.1178691494792,832
741,741,0,60000,20,1,centralheft,96.94618091320581,2908.3854273961742,832
742,742,0,60000,20,1,centralheft,98.06805842323215,2942.0417526969645,832
739,739,0,60000,20,2,centralheft,66.85090887183611,768.7854520261153,832
740,740,0,60000,20,0,centralheft,8.395546847744205,153.63850731371895,832
745,745,0,60000,20,0,centralheft,8.87810995570705,162.46941218943903,832
746,746,0,60000,20,0,centralheft,8.790643600748465,160.86877789369692,832
747,747,0,60000,20,0,centralheft,9.202010268341871,168.39678791065626,832
744,744,0,60000,20,2,centralheft,65.49827006508005,753.2301057484206,832
736,736,0,60000,20,3,centralheft,21.03442098858082,948.6523865849949,832
749,749,0,60000,20,2,centralheft,65.50179324558177,753.2706223241903,832
750,750,0,60000,20,3,centralheft,21.58369228872343,973.4245222214267,832
751,751,0,60000,20,2,centralheft,65.49827006508005,753.2301057484206,832
743,743,0,60000,20,1,centralheft,96.96901755708308,2909.070526712492,832
753,753,0,60000,20,2,centralheft,67.35368570134095,774.5673855654209,832
752,752,0,60000,20,3,centralheft,22.6357646572019,1020.8729860398057,832
756,756,0,60000,20,3,centralheft,27.131997159997177,1223.6530719158727,832
754,754,0,60000,20,1,centralheft,95.97551816510898,2879.2655449532695,832
758,758,0,60000,20,1,centralheft,97.41065351908789,2922.3196055726366,832
748,748,0,60000,20,0,centralheft,13.385708390058406,244.95846353806883,832
760,760,0,60000,20,0,centralheft,7.082674939092787,129.612951385398,832
759,759,0,60000,20,1,centralheft,98.11952066243609,2943.5856198730826,832
755,755,0,60000,20,2,centralheft,66.644041029649,766.4064718409636,832
761,761,0,60000,20,0,centralheft,6.755820256506639,123.6315106940715,832
757,757,0,60000,20,3,centralheft,26.023347483643057,1173.652971512302,832
762,762,0,60000,20,1,centralheft,97.87088109349241,2936.1264328047723,832
765,765,0,60000,20,3,centralheft,22.708536088057077,1024.1549775713743,832
766,766,0,60000,20,1,centralheft,98.46708119741989,2954.0124359225965,832
763,763,0,60000,20,2,centralheft,66.51891004509316,764.9674655185713,832
767,767,0,60000,20,3,centralheft,27.619964524602374,1245.660400059567,832
764,764,0,60000,20,0,centralheft,7.269950723577713,133.04009824147215,832
769,769,0,60000,20,2,centralheft,65.58814773920858,754.2636990008987,832
771,771,0,60000,20,0,centralheft,7.397980588076935,135.38304476180792,832
772,772,0,60000,20,2,centralheft,65.86348745638442,757.4301057484208,832
768,768,0,60000,20,1,centralheft,98.26259760765892,2947.8779282297673,832
773,773,0,60000,20,0,centralheft,11.106310039935885,203.2454737308267,832
776,776,0,60000,20,0,centralheft,11.566692449165211,211.6704718197234,832
777,777,0,60000,20,0,centralheft,12.296478144179215,225.02555003847965,832
775,775,0,60000,20,1,centralheft,94.31099796589669,2829.329938976901,832
778,778,0,60000,20,0,centralheft,5.576929227446256,102.0578048622665,832
780,780,0,60000,20,0,centralheft,5.477887787787328,100.2453465165081,832
781,781,0,60000,20,0,centralheft,5.631772575173152,103.0614381256687,832
770,770,0,60000,20,3,centralheft,26.50516677458411,1195.3830215337434,832
779,779,0,60000,20,1,centralheft,96.58568834952555,2897.5706504857667,832
774,774,0,60000,20,2,centralheft,66.09827006508006,760.1301057484206,832
785,785,0,60000,20,2,centralheft,66.0937819593476,760.0784925324974,832
784,784,0,60000,20,1,centralheft,96.69626084821103,2900.8878254463307,832
783,783,0,60000,20,3,centralheft,26.241497077411623,1183.4915181912643,832
788,788,0,60000,20,3,centralheft,26.23093930954194,1183.0153628603416,832
789,789,0,60000,20,3,centralheft,26.015833062154435,1173.3140711031651,832
790,790,0,60000,20,3,centralheft,26.114504305940393,1177.7641441979117,832
782,782,0,60000,20,0,centralheft,11.18227552798032,204.63564216203986,832
787,787,0,60000,20,1,centralheft,97.42935479826933,2922.88064394808,832
786,786,0,60000,20,2,centralheft,65.70481628226662,755.6053872460661,832
792,792,0,60000,20,0,centralheft,11.792761446022244,215.80753446220706,832
793,793,0,60000,20,1,centralheft,96.92183467459434,2907.6550402378302,832
794,794,0,60000,20,2,centralheft,66.70908973066086,767.1545319026,832
796,796,0,60000,20,1,centralheft,96.51648025620354,2895.494407686106,832
791,791,0,60000,20,3,centralheft,26.836481703704962,1210.3253248370938,832
795,795,0,60000,20,0,centralheft,3.617310814789969,66.19678791065644,832
799,799,0,60000,20,3,centralheft,24.88772729505159,1122.4365010068268,832
797,797,0,60000,20,2,centralheft,66.12842997463142,760.4769447082613,832
802,802,0,60000,20,2,centralheft,68.17398783199381,784.0008600679289,832
803,803,0,60000,20,2,centralheft,66.62728260927622,766.2137500066765,832
798,798,0,60000,20,1,centralheft,98.02877803742443,2940.863341122733,832
801,801,0,60000,20,3,centralheft,24.219051226431294,1092.2792103120514,832
804,804,0,60000,20,2,centralheft,65.87565295857048,757.5700090235605,832
800,800,0,60000,20,0,centralheft,7.160925841264115,131.04494289513332,832
805,805,0,60000,20,1,centralheft,99.24968899719514,2977.490669915854,832
807,807,0,60000,20,2,centralheft,65.71689567538337,755.7443002669088,832
810,810,0,60000,20,2,centralheft,66.36503708755164,763.1979265068439,832
811,811,0,60000,20,2,centralheft,65.6772076269843,755.2878877103194,832
812,812,0,60000,20,2,centralheft,65.92942130161661,758.1883449685911,832
806,806,0,60000,20,3,centralheft,24.505074292082867,1105.1788505729373,832
813,813,0,60000,20,2,centralheft,65.77229549621833,756.3813982065108,832
815,815,0,60000,20,2,centralheft,65.49827006508005,753.2301057484206,832
814,814,0,60000,20,3,centralheft,23.059807484627076,1039.997317556681,832
808,808,0,60000,20,0,centralheft,7.800180159312999,142.7432969154279,832
809,809,0,60000,20,1,centralheft,99.7207634943788,2991.622904831364,832
818,818,0,60000,20,0,centralheft,11.381695054817866,208.28501950316695,832
819,819,0,60000,20,1,centralheft,100.05492392423042,3001.6477177269126,832
816,816,0,60000,20,2,centralheft,66.87351541631091,769.0454272875754,832
817,817,0,60000,20,3,centralheft,25.774599490231697,1162.4344370094495,832
820,820,0,60000,20,0,centralheft,10.480930780679612,191.8010332864369,832
824,824,0,60000,20,0,centralheft,10.971538469156073,200.77915398555615,832
825,825,0,60000,20,0,centralheft,11.426151520131025,209.09857281839777,832
821,821,0,60000,20,1,centralheft,96.3866936813842,2891.600810441526,832
826,826,0,60000,20,0,centralheft,11.85407718466781,216.92961247942094,832
823,823,0,60000,20,3,centralheft,20.897693189880417,942.4859628636068,832
829,829,0,60000,20,3,centralheft,21.858725456600556,985.828518092685,832
827,827,0,60000,20,1,centralheft,98.84383121030478,2965.3149363091434,832
830,830,0,60000,20,3,centralheft,20.73799813602901,935.2837159349083,832
822,822,0,60000,20,2,centralheft,66.63740049986272,766.3301057484214,832
828,828,0,60000,20,0,centralheft,10.835573856620016,198.2910015761463,832
833,833,0,60000,20,2,centralheft,65.49827006508009,753.230105748421,832
832,832,0,60000,20,3,centralheft,24.539072529345454,1106.71217107348,832
834,834,0,60000,20,0,centralheft,10.383438291702062,190.01692073814775,832
831,831,0,60000,20,1,centralheft,97.68262187379894,2930.478656213968,832
837,837,0,60000,20,0,centralheft,11.396696552314086,208.5595469073478,832
836,836,0,60000,20,3,centralheft,21.64030588113898,975.9777952393679,832
839,839,0,60000,20,0,centralheft,14.930102896761111,273.22088301072836,832
838,838,0,60000,20,1,centralheft,98.35338149816207,2950.601444944862,832
842,842,0,60000,20,1,centralheft,99.71979658938726,2991.593897681618,832
835,835,0,60000,20,2,centralheft,65.5053688381288,753.3117416384812,832
844,844,0,60000,20,2,centralheft,65.49827006508009,753.230105748421,832
843,843,0,60000,20,1,centralheft,94.03903646001342,2821.1710938004026,832
841,841,0,60000,20,0,centralheft,7.3688591103306305,134.85012171905055,832
847,847,0,60000,20,0,centralheft,6.978216494351011,127.70136184662351,832
848,848,0,60000,20,0,centralheft,7.348152170469718,134.47118471959584,832
845,845,0,60000,20,2,centralheft,66.58068087455341,765.6778300573642,832
840,840,0,60000,20,3,centralheft,20.538243586858805,926.2747857673321,832
850,850,0,60000,20,2,centralheft,67.34775797501052,774.4992167126211,832
846,846,0,60000,20,1,centralheft,97.7092652527487,2931.2779575824607,832
853,853,0,60000,20,1,centralheft,98.68104213366763,2960.431264010029,832
849,849,0,60000,20,0,centralheft,6.805673514547449,124.54382531621832,832
854,854,0,60000,20,1,centralheft,98.98899522518757,2969.669856755627,832
851,851,0,60000,20,3,centralheft,23.179376973597705,1045.3899015092566,832
852,852,0,60000,20,2,centralheft,65.49827006508009,753.230105748421,832
857,857,0,60000,20,3,centralheft,21.840311784905,984.9980614992155,832
856,856,0,60000,20,1,centralheft,100.27397651027529,3008.2192953082586,832
855,855,0,60000,20,0,centralheft,15.492295087575018,283.50900010262285,832
860,860,0,60000,20,1,centralheft,100.28404420005563,3008.521326001669,832
858,858,0,60000,20,2,centralheft,66.60882376068865,766.0014732479194,832
862,862,0,60000,20,1,centralheft,94.73808019311178,2842.1424057933536,832
859,859,0,60000,20,3,centralheft,21.40119012064944,965.1936744412897,832
861,861,0,60000,20,0,centralheft,8.847444751437882,161.90823895131325,832
864,864,0,60000,20,1,centralheft,94.58591577524746,2837.5774732574237,832
866,866,0,60000,20,0,centralheft,9.027988871725565,165.21219635257785,832
867,867,0,60000,20,1,centralheft,95.31645003268301,2859.4935009804904,832
869,869,0,60000,20,1,centralheft,95.43837947333535,2863.1513842000604,832
870,870,0,60000,20,1,centralheft,95.29810153970878,2858.9430461912634,832
863,863,0,60000,20,2,centralheft,65.53502135965327,753.6527456360127,832
871,871,0,60000,20,1,centralheft,95.24423932121908,2857.3271796365725,832
865,865,0,60000,20,3,centralheft,23.868419693412406,1076.4657281728996,832
872,872,0,60000,20,2,centralheft,65.84917656096806,757.2655304511327,832
873,873,0,60000,20,1,centralheft,97.41192314244697,2922.357694273409,832
874,874,0,60000,20,3,centralheft,22.948790526448253,1034.9904527428162,832
875,875,0,60000,20,2,centralheft,71.31728820323833,820.1488143372408,832
868,868,0,60000,20,0,centralheft,6.7133557851355095,122.85441086797982,832
879,879,0,60000,20,0,centralheft,7.592559552091943,138.94383980328257,832
880,880,0,60000,20,0,centralheft,8.06109560891502,147.51804964314488,832
877,877,0,60000,20,3,centralheft,21.30513461377928,960.8615710814456,832
881,881,0,60000,20,0,centralheft,8.150185882304172,149.14840164616635,832
876,876,0,60000,20,1,centralheft,98.46721146505998,2954.016343951799,832
884,884,0,60000,20,1,centralheft,99.14793522554237,2974.438056766271,832
883,883,0,60000,20,0,centralheft,8.462777670116001,154.8688313631228,832
882,882,0,60000,20,3,centralheft,19.669933055408613,887.1139807989284,832
885,885,0,60000,20,1,centralheft,98.74606128411094,2962.381838523328,832
888,888,0,60000,20,1,centralheft,98.49724813315154,2954.9174439945464,832
887,887,0,60000,20,3,centralheft,24.218832770034602,1092.2693579285606,832
886,886,0,60000,20,0,centralheft,12.795676454397338,234.1608791154713,832
890,890,0,60000,20,3,centralheft,20.14031697584375,908.3282956105531,832
889,889,0,60000,20,1,centralheft,93.72825064644945,2811.8475193934837,832
892,892,0,60000,20,3,centralheft,20.349495351930916,917.7622403720843,832
891,891,0,60000,20,0,centralheft,12.6345857255781,231.21291877807926,832
894,894,0,60000,20,3,centralheft,20.987282477202836,946.526439721848,832
878,878,0,60000,20,2,centralheft,66.6092977490789,766.0069241144074,832
893,893,0,60000,20,1,centralheft,96.46278802483009,2893.8836407449026,832
897,897,0,60000,20,2,centralheft,65.49827006508009,753.230105748421,832
895,895,0,60000,20,0,centralheft,4.947339532794058,90.53631345013127,832
899,899,0,60000,20,2,centralheft,65.49827006508009,753.230105748421,832
898,898,0,60000,20,1,centralheft,96.34214622127031,2890.2643866381095,832
902,902,0,60000,20,1,centralheft,97.02118712613316,2910.635613783995,832
901,901,0,60000,20,2,centralheft,72.66278559890769,835.6220343874384,832
903,903,0,60000,20,1,centralheft,98.17552759867743,2945.265827960323,832
900,900,0,60000,20,0,centralheft,6.822514014054564,124.85200645719851,832
896,896,0,60000,20,3,centralheft,22.621244352140394,1020.2181202815318,832
906,906,0,60000,20,0,centralheft,6.941820198603661,127.035309634447,832
905,905,0,60000,20,1,centralheft,94.53420911733865,2836.0262735201595,832
904,904,0,60000,20,2,centralheft,65.49827006508009,753.230105748421,832
908,908,0,60000,20,0,centralheft,6.757786672464224,123.66749610609531,832
910,910,0,60000,20,2,centralheft,66.1364321255913,760.5689694442999,832
912,912,0,60000,20,2,centralheft,65.63621766473649,754.8165031444696,832
913,913,0,60000,20,2,centralheft,65.85412104295676,757.3223919940028,832
911,911,0,60000,20,0,centralheft,3.6127408471116236,66.11315750214271,832
914,914,0,60000,20,2,centralheft,65.49827006508009,753.230105748421,832
916,916,0,60000,20,2,centralheft,65.49827006508009,753.230105748421,832
915,915,0,60000,20,0,centralheft,8.787290588208803,160.8074177642211,832
909,909,0,60000,20,1,centralheft,97.14702940565236,2914.410882169571,832
919,919,0,60000,20,1,centralheft,97.70581372347822,2931.1744117043463,832
907,907,0,60000,20,3,centralheft,20.36879701880533,918.6327455481205,832
918,918,0,60000,20,0,centralheft,3.7076222157543395,67.84948654830441,832
920,920,0,60000,20,1,centralheft,97.01647651601188,2910.4942954803564,832
921,921,0,60000,20,3,centralheft,21.604025591898502,974.3415541946224,832
923,923,0,60000,20,1,centralheft,106.23081285074083,3186.924385522225,832
922,922,0,60000,20,0,centralheft,11.2333093488813,205.56956108452778,832
925,925,0,60000,20,1,centralheft,96.97772238617196,2909.331671585159,832
917,917,0,60000,20,2,centralheft,65.5047148104341,753.304220319992,832
928,928,0,60000,20,2,centralheft,65.49827006508009,753.230105748421,832
924,924,0,60000,20,3,centralheft,22.43643306598027,1011.8831312757102,832
929,929,0,60000,20,2,centralheft,65.49827006508009,753.230105748421,832
931,931,0,60000,20,2,centralheft,65.49827006508009,753.230105748421,832
932,932,0,60000,20,2,centralheft,65.49827006508009,753.230105748421,832
930,930,0,60000,20,3,centralheft,21.816474374255122,983.9229942789061,832
926,926,0,60000,20,0,centralheft,11.970014723722377,219.0512694441195,832
933,933,0,60000,20,2,centralheft,65.49827006508009,753.230105748421,832
935,935,0,60000,20,0,centralheft,10.166002645536452,186.03784841331708,832
936,936,0,60000,20,2,centralheft,65.49827006508009,753.230105748421,832
937,937,0,60000,20,0,centralheft,10.14144528550797,185.58844872479585,832
927,927,0,60000,20,1,centralheft,94.40970043273931,2832.2910129821794,832
939,939,0,60000,20,0,centralheft,16.469988410418495,301.40078791065844,832
938,938,0,60000,20,2,centralheft,65.49827006508009,753.230105748421,832
940,940,0,60000,20,1,centralheft,95.63365271276774,2869.009581383032,832
934,934,0,60000,20,3,centralheft,25.077118573351722,1130.9780476581627,832
943,943,0,60000,20,1,centralheft,95.56893861652655,2867.0681584957965,832
944,944,0,60000,20,3,centralheft,24.92137254091902,1123.9539015954479,832
945,945,0,60000,20,1,centralheft,96.89406837114447,2906.8220511343343,832
942,942,0,60000,20,2,centralheft,67.06508534281016,771.2484814423169,832
946,946,0,60000,20,3,centralheft,25.895421593700373,1167.8835138758868,832
947,947,0,60000,20,1,centralheft,97.43941706600893,2923.182511980268,832
950,950,0,60000,20,1,centralheft,97.3556768329489,2920.6703049884673,832
948,948,0,60000,20,2,centralheft,65.84027982510538,757.163217988712,832
949,949,0,60000,20,3,centralheft,20.35169428882629,917.8614124260657,832
941,941,0,60000,20,0,centralheft,8.831904067458415,161.623844434489,832
954,954,0,60000,20,0,centralheft,9.192760749575164,168.2275217172255,832
952,952,0,60000,20,2,centralheft,66.65756812569643,766.5620334455089,832
956,956,0,60000,20,2,centralheft,66.09827006508006,760.1301057484206,832
957,957,0,60000,20,2,centralheft,65.96783324827574,758.630082355171,832
951,951,0,60000,20,1,centralheft,97.81176691985651,2934.353007595695,832
958,958,0,60000,20,2,centralheft,65.49827006508009,753.230105748421,832
953,953,0,60000,20,3,centralheft,25.128523680458887,1133.2964179886958,832
960,960,0,60000,20,2,centralheft,66.74275862601944,767.5417241992236,832
962,962,0,60000,20,2,centralheft,65.49827006508009,753.230105748421,832
963,963,0,60000,20,2,centralheft,65.49827006508009,753.230105748421,832
959,959,0,60000,20,1,centralheft,96.56594966888376,2896.9784900665127,832
955,955,0,60000,20,0,centralheft,12.793892637782498,234.12823527141973,832
966,966,0,60000,20,0,centralheft,14.320041021616563,262.0567506955831,832
965,965,0,60000,20,1,centralheft,96.88631106330128,2906.5893318990384,832
964,964,0,60000,20,2,centralheft,65.49827006508009,753.230105748421,832
969,969,0,60000,20,2,centralheft,65.49827006508009,753.230105748421,832
970,970,0,60000,20,2,centralheft,66.09827006508006,760.1301057484206,832
971,971,0,60000,20,2,centralheft,66.2087121546,761.4001897778999,832
961,961,0,60000,20,3,centralheft,26.00426673146103,1172.7924295888924,832
967,967,0,60000,20,0,centralheft,10.043983347969798,183.80489526784731,832
968,968,0,60000,20,1,centralheft,98.24441002709476,2947.3323008128427,832
975,975,0,60000,20,1,centralheft,100.16591117167903,3004.977335150371,832
973,973,0,60000,20,3,centralheft,25.592888818651456,1154.2392857211807,832
972,972,0,60000,20,2,centralheft,65.49827006508009,753.230105748421,832
974,974,0,60000,20,0,centralheft,12.061337278335367,220.72247219353721,832
977,977,0,60000,20,3,centralheft,27.29519897055449,1231.0134735720076,832
980,980,0,60000,20,3,centralheft,27.382746353801576,1234.961860556451,832
981,981,0,60000,20,3,centralheft,27.76281975415793,1252.1031709125227,832
978,978,0,60000,20,2,centralheft,65.49827006508009,753.230105748421,832
976,976,0,60000,20,1,centralheft,99.50419842616063,2985.1259527848188,832
979,979,0,60000,20,0,centralheft,5.646948375181443,103.33915526582041,832
985,985,0,60000,20,0,centralheft,6.02868948339249,110.32501754608256,832
986,986,0,60000,20,0,centralheft,6.5023920788948475,118.99377504377571,832
984,984,0,60000,20,1,centralheft,99.63626536978087,2989.087961093426,832
987,987,0,60000,20,0,centralheft,9.612338868235959,175.90580128871807,832
983,983,0,60000,20,2,centralheft,65.49827006508009,753.230105748421,832
988,988,0,60000,20,1,centralheft,99.96516394344398,2998.9549183033196,832
991,991,0,60000,20,1,centralheft,99.96776943608796,2999.0330830826388,832
982,982,0,60000,20,3,centralheft,20.73506305952105,935.1513439843993,832
993,993,0,60000,20,3,centralheft,25.961594250461722,1170.8679006958237,832
989,989,0,60000,20,0,centralheft,8.730097818663245,159.76079008153738,832
994,994,0,60000,20,3,centralheft,25.991070226887746,1172.1972672326374,832
995,995,0,60000,20,0,centralheft,9.034154140263524,165.3250207668225,832
996,996,0,60000,20,3,centralheft,26.038457587580044,1174.33443719986,832
998,998,0,60000,20,3,centralheft,27.623654640721316,1245.8268242965314,832
997,997,0,60000,20,0,centralheft,10.629551433237873,194.52079122825307,832
990,990,0,60000,20,2,centralheft,65.65620735184031,755.0463845461636,832
999,999,0,60000,20,3,centralheft,19.120929794104214,862.3539337141001,832
992,992,0,60000,20,1,centralheft,98.49355294946193,2954.806588483858,832
1003,1003,0,60000,20,1,centralheft,98.77829210394114,2963.3487631182343,832
1000,1000,0,60000,20,0,centralheft,11.912476929128736,217.99832780305587,832
1005,1005,0,60000,20,0,centralheft,12.379228930526228,226.53988942862998,832
1002,1002,0,60000,20,3,centralheft,25.51492309317776,1150.723031502317,832
1004,1004,0,60000,20,1,centralheft,95.27968885743752,2858.3906657231255,832
1001,1001,0,60000,20,2,centralheft,69.42682432495768,798.4084797370133,832
1008,1008,0,60000,20,1,centralheft,98.54340104409536,2956.302031322861,832
1009,1009,0,60000,20,2,centralheft,65.49827006508009,753.230105748421,832
1007,1007,0,60000,20,3,centralheft,25.0302195849791,1128.8629032825575,832
1010,1010,0,60000,20,1,centralheft,94.50226602994478,2835.067980898343,832
1012,1012,0,60000,20,3,centralheft,25.016968163601323,1128.2652641784198,832
1013,1013,0,60000,20,1,centralheft,94.4063917936133,2832.191753808399,832
1011,1011,0,60000,20,2,centralheft,65.49827006508009,753.230105748421,832
1015,1015,0,60000,20,1,centralheft,93.81907623328797,2814.5722869986394,832
1017,1017,0,60000,20,1,centralheft,98.10191930392351,2943.0575791177052,832
1018,1018,0,60000,20,1,centralheft,100.23007594153724,3006.902278246117,832
1019,1019,0,60000,20,1,centralheft,99.94255372366754,2998.2766117100264,832
1020,1020,0,60000,20,1,centralheft,100.66836140344445,3020.0508421033337,832
1021,1021,0,60000,20,1,centralheft,101.35800375828445,3040.7401127485336,832
1014,1014,0,60000,20,3,centralheft,23.387573807128124,1054.7795787014784,832
1023,1023,0,60000,20,3,centralheft,23.387248972157472,1054.764928644302,832
1016,1016,0,60000,20,2,centralheft,65.49827006508009,753.230105748421,832
1025,1025,0,60000,20,2,centralheft,65.49827006508009,753.230105748421,832
1022,1022,0,60000,20,1,centralheft,94.26188959173682,2827.8566877521043,832
1006,1006,0,60000,20,0,centralheft,9.47388345745712,173.3720672714653,832
1024,1024,0,60000,20,3,centralheft,22.586001949873275,1018.6286879392846,832
1029,1029,0,60000,20,3,centralheft,23.076017700894756,1040.7283983103534,832
1027,1027,0,60000,20,1,centralheft,94.90974467746315,2847.2923403238947,832
1030,1030,0,60000,20,3,centralheft,22.9567817384647,1035.350856404758,832
1031,1031,0,60000,20,1,centralheft,94.50786874147934,2835.2360622443803,832
1032,1032,0,60000,20,3,centralheft,22.206690942586825,1001.5217615106658,832
1033,1033,0,60000,20,1,centralheft,95.47741886815405,2864.3225660446215,832
1034,1034,0,60000,20,3,centralheft,21.873954529243086,986.5153492688632,832
1035,1035,0,60000,20,1,centralheft,95.329048440812,2859.8714532243603,832
1028,1028,0,60000,20,0,centralheft,6.630055270064877,121.33001144218724,832
1037,1037,0,60000,20,1,centralheft,95.27016150552588,2858.104845165776,832
1039,1039,0,60000,20,1,centralheft,95.44782772057997,2863.434831617399,832
1040,1040,0,60000,20,1,centralheft,95.43851967799941,2863.155590339982,832
1036,1036,0,60000,20,3,centralheft,21.870176456865785,986.3449582046469,832
1038,1038,0,60000,20,0,centralheft,6.710520536206354,122.80252581257628,832
1026,1026,0,60000,20,2,centralheft,66.78050780400767,767.9758397460882,832
1042,1042,0,60000,20,3,centralheft,24.428860550998472,1101.741610850031,832
1045,1045,0,60000,20,3,centralheft,24.431547487798916,1101.8627916997311,832
1044,1044,0,60000,20,2,centralheft,66.09827006508006,760.1301057484206,832
1047,1047,0,60000,20,2,centralheft,65.87085626147169,757.5148470069244,832
1043,1043,0,60000,20,0,centralheft,7.54000931500229,137.98217046454192,832
1049,1049,0,60000,20,0,centralheft,7.953985826471615,145.55794062443056,832
1048,1048,0,60000,20,2,centralheft,65.49827006508009,753.230105748421,832
1050,1050,0,60000,20,0,centralheft,8.18849394876884,149.8494392624698,832
1041,1041,0,60000,20,1,centralheft,93.97416931143907,2819.225079343172,832
1052,1052,0,60000,20,0,centralheft,7.890768623895338,144.4010658172847,832
1051,1051,0,60000,20,2,centralheft,65.55413208847241,753.8725190174328,832
1055,1055,0,60000,20,2,centralheft,65.49827006508009,753.230105748421,832
1053,1053,0,60000,20,1,centralheft,93.7484167545858,2812.452502637574,832
1046,1046,0,60000,20,3,centralheft,20.46008556385941,922.7498589300594,832
1054,1054,0,60000,20,0,centralheft,6.458840642210225,118.19678375244712,832
1057,1057,0,60000,20,1,centralheft,97.03201246386098,2910.960373915829,832
1059,1059,0,60000,20,0,centralheft,6.94444297015953,127.0833063539194,832
1061,1061,0,60000,20,0,centralheft,7.432551224717459,136.0156874123295,832
1058,1058,0,60000,20,3,centralheft,22.903403164828866,1032.9434827337818,832
1062,1062,0,60000,20,0,centralheft,7.97887147257472,146.01334794811737,832
1064,1064,0,60000,20,0,centralheft,8.349901171041727,152.80319143006363,832
1065,1065,0,60000,20,0,centralheft,11.871782961351244,217.25362819272777,832
1056,1056,0,60000,20,2,centralheft,65.80777099724978,756.7893664683725,832
1067,1067,0,60000,20,2,centralheft,65.49827006508009,753.230105748421,832
1066,1066,0,60000,20,0,centralheft,12.639737734756824,231.3072005460499,832
1060,1060,0,60000,20,1,centralheft,96.90617727209674,2907.185318162902,832
1063,1063,0,60000,20,3,centralheft,26.211181881631163,1182.1243028615654,832
1069,1069,0,60000,20,0,centralheft,12.924720333013168,236.522382094141,832
1072,1072,0,60000,20,0,centralheft,5.180212978507495,94.79789750668715,832
1070,1070,0,60000,20,1,centralheft,97.29209892238077,2918.762967671423,832
1068,1068,0,60000,20,2,centralheft,65.51724147039931,753.4482769095921,832
1071,1071,0,60000,20,3,centralheft,23.92671164228838,1079.094695067206,832
1076,1076,0,60000,20,3,centralheft,24.516879379416,1105.7112600116616,832
1074,1074,0,60000,20,1,centralheft,100.25073300250172,3007.5219900750517,832
1078,1078,0,60000,20,1,centralheft,100.36416404486326,3010.924921345898,832
1079,1079,0,60000,20,1,centralheft,100.5562724762337,3016.688174287011,832
1075,1075,0,60000,20,2,centralheft,65.49827006508009,753.230105748421,832
1080,1080,0,60000,20,1,centralheft,96.30324890593002,2889.0974671779004,832
1082,1082,0,60000,20,1,centralheft,97.0005532266671,2910.016596800013,832
1077,1077,0,60000,20,3,centralheft,22.233140382225322,1002.714631238362,832
1083,1083,0,60000,20,1,centralheft,96.93031089993265,2907.9093269979794,832
1084,1084,0,60000,20,3,centralheft,24.29926982663431,1095.8970691812074,832
1085,1085,0,60000,20,1,centralheft,99.52850071163266,2985.85502134898,832
1086,1086,0,60000,20,3,centralheft,24.969641100034394,1126.1308136115513,832
1088,1088,0,60000,20,3,centralheft,25.817953010010303,1164.3896807514648,832
1089,1089,0,60000,20,3,centralheft,18.91086316766267,852.8799288615864,832
1090,1090,0,60000,20,3,centralheft,19.66707750626332,886.9851955324757,832
1081,1081,0,60000,20,2,centralheft,65.49827006508009,753.230105748421,832
1073,1073,0,60000,20,0,centralheft,9.611426816726599,175.88911074609678,832
1092,1092,0,60000,20,2,centralheft,66.63001601020859,766.2451841173988,832
1087,1087,0,60000,20,1,centralheft,99.23956560639881,2977.1869681919643,832
1091,1091,0,60000,20,3,centralheft,20.03802186334732,903.7147860369641,832
1094,1094,0,60000,20,2,centralheft,66.51641912437212,764.9388199302794,832
1093,1093,0,60000,20,0,centralheft,4.497092235555042,82.29678791065726,832
1097,1097,0,60000,20,2,centralheft,65.49827006508009,753.230105748421,832
1098,1098,0,60000,20,0,centralheft,8.13872956459147,148.9387510320239,832
1099,1099,0,60000,20,2,centralheft,65.85213813535135,757.2995885565406,832
1095,1095,0,60000,20,1,centralheft,98.11116371246662,2943.3349113739987,832
1101,1101,0,60000,20,2,centralheft,67.02701140581904,770.8106311669189,832
1102,1102,0,60000,20,1,centralheft,97.79745406085634,2933.92362182569,832
1103,1103,0,60000,20,2,centralheft,65.54599271054632,753.7789161712826,832
1105,1105,0,60000,20,2,centralheft,65.49827006508009,753.230105748421,832
1096,1096,0,60000,20,3,centralheft,25.935508924420237,1169.6914524913527,832
1100,1100,0,60000,20,0,centralheft,8.834148157451725,161.66491128136659,832
1104,1104,0,60000,20,1,centralheft,97.69819005610434,2930.94570168313,832
1108,1108,0,60000,20,0,centralheft,9.101086034087295,166.54987442379752,832
1107,1107,0,60000,20,3,centralheft,22.027461489502727,993.438513176573,832
1109,1109,0,60000,20,1,centralheft,98.19354013669111,2945.8062041007333,832
1112,1112,0,60000,20,1,centralheft,98.00593631490604,2940.1780894471813,832
1113,1113,0,60000,20,1,centralheft,98.59625997289713,2957.887799186914,832
1114,1114,0,60000,20,1,centralheft,98.54436116378335,2956.3308349135004,832
1111,1111,0,60000,20,3,centralheft,25.57319973934089,1153.3513082442742,832
1115,1115,0,60000,20,1,centralheft,98.98348009975702,2969.5044029927103,832
1117,1117,0,60000,20,1,centralheft,97.15621373844913,2914.6864121534736,832
1118,1118,0,60000,20,1,centralheft,96.24227117261292,2887.2681351783876,832
1116,1116,0,60000,20,3,centralheft,23.07337797912194,1040.6093468583995,832
1106,1106,0,60000,20,2,centralheft,65.49827006508009,753.230105748421,832
1119,1119,0,60000,20,1,centralheft,96.02685746105432,2880.8057238316296,832
1121,1121,0,60000,20,2,centralheft,65.50051679155513,753.255943102884,832
1122,1122,0,60000,20,1,centralheft,95.77469888002989,2873.2409664008965,832
1120,1120,0,60000,20,3,centralheft,23.69304363278491,1068.5562678385995,832
1110,1110,0,60000,20,0,centralheft,7.31458279112129,133.85686507751961,832
1125,1125,0,60000,20,3,centralheft,22.21869967547466,1002.0633553639072,832
1124,1124,0,60000,20,1,centralheft,95.20415799840397,2856.124739952119,832
1126,1126,0,60000,20,0,centralheft,5.02061483056378,91.87725139931717,832
1129,1129,0,60000,20,0,centralheft,5.461743131675332,99.94989930965858,832
1128,1128,0,60000,20,1,centralheft,95.0834348439541,2852.5030453186228,832
1127,1127,0,60000,20,3,centralheft,24.691569804509747,1113.5897981833896,832
1132,1132,0,60000,20,3,centralheft,22.812414389409845,1028.839888962384,832
1123,1123,0,60000,20,2,centralheft,65.79334840078532,756.6235066090312,832
1134,1134,0,60000,20,2,centralheft,66.18259242181406,761.0998128508618,832
1133,1133,0,60000,20,3,centralheft,23.298162894964616,1050.7471465629042,832
1135,1135,0,60000,20,2,centralheft,65.86647217284236,757.4644299876873,832
1136,1136,0,60000,20,3,centralheft,23.074179608326634,1040.6455003355313,832
1137,1137,0,60000,20,2,centralheft,65.49827006508009,753.230105748421,832
1131,1131,0,60000,20,1,centralheft,94.05260294453635,2821.5780883360903,832
1140,1140,0,60000,20,1,centralheft,96.62059425318338,2898.6178275955017,832
1141,1141,0,60000,20,1,centralheft,97.24483967298808,2917.3451901896424,832
1130,1130,0,60000,20,0,centralheft,5.86821237263448,107.388286419211,832
1138,1138,0,60000,20,3,centralheft,28.128795014287874,1268.6086551443832,832
1143,1143,0,60000,20,0,centralheft,8.005139289098075,146.49404899049478,832
1139,1139,0,60000,20,2,centralheft,65.49827006508009,753.230105748421,832
1142,1142,0,60000,20,1,centralheft,94.84909393548766,2845.47281806463,832
1145,1145,0,60000,20,0,centralheft,4.294986277439873,78.59824887714967,832
1148,1148,0,60000,20,0,centralheft,4.80828768139445,87.99166456951843,832
1149,1149,0,60000,20,0,centralheft,5.259400013638086,96.24702024957696,832
1144,1144,0,60000,20,3,centralheft,26.833043770228166,1210.1702740372903,832
1147,1147,0,60000,20,1,centralheft,96.5791896711385,2897.375690134155,832
1151,1151,0,60000,20,3,centralheft,24.179895618663974,1090.5132924017453,832
1153,1153,0,60000,20,3,centralheft,26.786547776665245,1208.0733047276026,832
1154,1154,0,60000,20,3,centralheft,26.873308308892355,1211.9862047310453,832
1155,1155,0,60000,20,3,centralheft,26.936939004901063,1214.855949121038,832
1152,1152,0,60000,20,1,centralheft,98.19564943500406,2945.8694830501217,832
1150,1150,0,60000,20,0,centralheft,3.9339502872989924,71.99129025757156,832
1158,1158,0,60000,20,0,centralheft,4.2111773104727055,77.06454478165051,832
1146,1146,0,60000,20,2,centralheft,65.65088987247098,754.9852335334162,832
1156,1156,0,60000,20,3,centralheft,25.002695758579943,1127.6215787119554,832
1159,1159,0,60000,20,0,centralheft,4.420589503314575,80.89678791065671,832
1161,1161,0,60000,20,3,centralheft,26.321893740742073,1187.1174077074675,832
1160,1160,0,60000,20,2,centralheft,65.49827006508009,753.230105748421,832
1157,1157,0,60000,20,1,centralheft,96.9638450189416,2908.915350568248,832
1162,1162,0,60000,20,0,centralheft,6.927229542364782,126.76830062527551,832
1163,1163,0,60000,20,3,centralheft,21.829573451245768,984.5137626511842,832
1164,1164,0,60000,20,2,centralheft,65.49827006508009,753.230105748421,832
1166,1166,0,60000,20,0,centralheft,3.1593694249095576,57.816460475844906,832
1167,1167,0,60000,20,3,centralheft,20.624244408914826,930.1534228420587,832
1170,1170,0,60000,20,3,centralheft,20.804539986781457,938.2847534038438,832
1168,1168,0,60000,20,2,centralheft,65.49827006508009,753.230105748421,832
1169,1169,0,60000,20,0,centralheft,9.52244271137909,174.26070161823736,832
1165,1165,0,60000,20,1,centralheft,95.910898742936,2877.32696228808,832
1171,1171,0,60000,20,3,centralheft,21.670392543885036,977.3347037292151,832
1173,1173,0,60000,20,0,centralheft,7.351465928729583,134.53182649575137,832
1176,1176,0,60000,20,0,centralheft,11.284508798214015,206.50651100731648,832
1174,1174,0,60000,20,1,centralheft,95.38888885215037,2861.6666655645113,832
1172,1172,0,60000,20,2,centralheft,68.36056921473083,786.1465459694045,832
1179,1179,0,60000,20,2,centralheft,65.49827006508009,753.230105748421,832
1175,1175,0,60000,20,3,centralheft,19.98426744697456,901.2904618585526,832
1178,1178,0,60000,20,1,centralheft,94.54266661475134,2836.27999844254,832
1177,1177,0,60000,20,0,centralheft,10.831220614660852,198.2113372482936,832
1183,1183,0,60000,20,0,centralheft,11.350280100524818,207.7101258396042,832
1180,1180,0,60000,20,2,centralheft,65.49827006508009,753.230105748421,832
1181,1181,0,60000,20,3,centralheft,26.277678979134595,1185.1233219589703,832
1184,1184,0,60000,20,0,centralheft,11.922569289889028,218.1830180049692,832
1185,1185,0,60000,20,2,centralheft,67.11872551932285,771.8653434722128,832
1182,1182,0,60000,20,1,centralheft,93.46180887976416,2803.8542663929247,832
1186,1186,0,60000,20,3,centralheft,22.521486887708768,1015.7190586356655,832
1188,1188,0,60000,20,2,centralheft,75.10766012382469,863.7380914239839,832
1189,1189,0,60000,20,1,centralheft,93.22277782183325,2796.6833346549975,832
1191,1191,0,60000,20,2,centralheft,67.28531717995374,773.781147569468,832
1187,1187,0,60000,20,0,centralheft,11.89275576066234,217.63743042012084,832
1192,1192,0,60000,20,1,centralheft,93.34580704843653,2800.374211453096,832
1190,1190,0,60000,20,3,centralheft,25.372399723708845,1144.295227539269,832
1193,1193,0,60000,20,2,centralheft,66.69104867706585,766.9470597862573,832
1194,1194,0,60000,20,0,centralheft,12.253743279229017,224.24350200989102,832
1195,1195,0,60000,20,1,centralheft,94.41389263493647,2832.416779048094,832
1199,1199,0,60000,20,1,centralheft,94.08900232347544,2822.6700697042634,832
1200,1200,0,60000,20,1,centralheft,94.8076131078451,2844.228393235353,832
1198,1198,0,60000,20,0,centralheft,11.63417508376747,212.90540403294472,832
1202,1202,0,60000,20,0,centralheft,12.143006339175008,222.21701600690267,832
1196,1196,0,60000,20,3,centralheft,21.878885440629244,986.7377333723789,832
1203,1203,0,60000,20,0,centralheft,12.795443990379546,234.1566250239457,832
1205,1205,0,60000,20,0,centralheft,13.245908437792835,242.40012441160889,832
1197,1197,0,60000,20,2,centralheft,65.49827006508009,753.230105748421,832
1204,1204,0,60000,20,3,centralheft,22.994975845652387,1037.0734106389227,832
1208,1208,0,60000,20,3,centralheft,24.412931743181634,1101.0232216174918,832
1201,1201,0,60000,20,1,centralheft,93.26580287625366,2797.9740862876097,832
1206,1206,0,60000,20,0,centralheft,15.617742396039095,285.80468584751543,832
1211,1211,0,60000,20,0,centralheft,16.136112019404642,295.29084995510493,832
1207,1207,0,60000,20,2,centralheft,65.89827006508013,757.8301057484214,832
1210,1210,0,60000,20,1,centralheft,93.52413709028912,2805.7241127086736,832
1212,1212,0,60000,20,0,centralheft,12.287890913166848,224.86840371095332,832
1213,1213,0,60000,20,2,centralheft,65.49827006508009,753.230105748421,832
1215,1215,0,60000,20,0,centralheft,12.477070861379238,228.33039676324006,832
1217,1217,0,60000,20,0,centralheft,12.887468850515196,235.8406799644281,832
1216,1216,0,60000,20,2,centralheft,65.49827006508009,753.230105748421,832
1219,1219,0,60000,20,2,centralheft,65.49827006508009,753.230105748421,832
1209,1209,0,60000,20,3,centralheft,23.271009537455537,1049.5225301392447,832
1221,1221,0,60000,20,3,centralheft,29.02146815662327,1308.8682138637096,832
1222,1222,0,60000,20,3,centralheft,22.750506688884617,1026.0478516686962,832
1220,1220,0,60000,20,2,centralheft,65.49827006508009,753.230105748421,832
1218,1218,0,60000,20,0,centralheft,4.237265344259629,77.54195579995121,832
1225,1225,0,60000,20,0,centralheft,13.981516071808073,255.86174411408774,832
1226,1226,0,60000,20,0,centralheft,5.464688210330594,100.00379424904986,832
1224,1224,0,60000,20,2,centralheft,65.49827006508009,753.230105748421,832
1223,1223,0,60000,20,3,centralheft,20.118617538026392,907.3496509649904,832
1228,1228,0,60000,20,2,centralheft,66.7370679975312,767.4762819716088,832
1227,1227,0,60000,20,0,centralheft,4.1344732583851895,75.66086062844897,832
1214,1214,0,60000,20,1,centralheft,90.93147910861995,2727.9443732585987,832
1230,1230,0,60000,20,2,centralheft,65.49827006508009,753.230105748421,832
1229,1229,0,60000,20,3,centralheft,23.241576044221837,1048.195079594405,832
1233,1233,0,60000,20,2,centralheft,67.89639005841238,780.8084856717423,832
1234,1234,0,60000,20,3,centralheft,21.19334641054379,955.819923115525,832
1235,1235,0,60000,20,2,centralheft,65.49827006508009,753.230105748421,832
1231,1231,0,60000,20,0,centralheft,8.284407732224857,151.6046614997149,832
1232,1232,0,60000,20,1,centralheft,92.43786488387634,2773.1359465162905,832
1239,1239,0,60000,20,1,centralheft,93.13840608286024,2794.1521824858073,832
1237,1237,0,60000,20,2,centralheft,65.49827006508009,753.230105748421,832
1238,1238,0,60000,20,0,centralheft,3.2315766347177672,59.137852415335146,832
1241,1241,0,60000,20,2,centralheft,65.49827006508009,753.230105748421,832
1243,1243,0,60000,20,2,centralheft,65.50568420864717,753.3153683994424,832
1244,1244,0,60000,20,2,centralheft,66.14969797730697,760.7215267390302,832
1240,1240,0,60000,20,1,centralheft,91.16169321332242,2734.8507963996726,832
1236,1236,0,60000,20,3,centralheft,26.195085725274197,1181.3983662098663,832
1245,1245,0,60000,20,2,centralheft,72.3653851491918,832.2019292157056,832
1248,1248,0,60000,20,2,centralheft,65.49827006508009,753.230105748421,832
1249,1249,0,60000,20,2,centralheft,66.18550606576672,761.1333197563172,832
1250,1250,0,60000,20,2,centralheft,65.49827006508009,753.230105748421,832
1242,1242,0,60000,20,0,centralheft,7.4244745585383995,135.8678844212527,832
1247,1247,0,60000,20,3,centralheft,28.028362204158576,1264.0791354075518,832
1252,1252,0,60000,20,0,centralheft,7.186015557272285,131.5040846980828,832
1246,1246,0,60000,20,1,centralheft,91.04571265846864,2731.3713797540595,832
1254,1254,0,60000,20,0,centralheft,6.530592178764419,119.50983687138887,832
1256,1256,0,60000,20,0,centralheft,5.922729697952744,108.38595347253522,832
1257,1257,0,60000,20,0,centralheft,7.454829668631795,136.42338293596185,832
1255,1255,0,60000,20,1,centralheft,95.40878024445361,2862.2634073336085,832
1258,1258,0,60000,20,0,centralheft,9.97573818756513,182.55600883244188,832
1251,1251,0,60000,20,2,centralheft,65.49827006508009,753.230105748421,832
1261,1261,0,60000,20,2,centralheft,66.02425711835855,759.2789568611233,832
1259,1259,0,60000,20,1,centralheft,94.59356268400252,2837.8068805200755,832
1262,1262,0,60000,20,2,centralheft,65.78582908141881,756.5370344363164,832
1253,1253,0,60000,20,3,centralheft,28.97881136493443,1306.9443925585429,832
1260,1260,0,60000,20,0,centralheft,11.574371181149331,211.81099261503277,832
1264,1264,0,60000,20,2,centralheft,65.49827006508009,753.230105748421,832
1263,1263,0,60000,20,1,centralheft,94.69867134773216,2840.9601404319646,832
1266,1266,0,60000,20,0,centralheft,12.13973014813726,222.15706171091188,832
1269,1269,0,60000,20,0,centralheft,12.376229302558013,226.48499623681164,832
1267,1267,0,60000,20,2,centralheft,65.49827006508009,753.230105748421,832
1270,1270,0,60000,20,0,centralheft,9.903869355742101,181.24080921008044,832
1268,1268,0,60000,20,1,centralheft,96.38270771262026,2891.481231378608,832
1265,1265,0,60000,20,3,centralheft,30.239243720970606,1363.7898918157744,832
1271,1271,0,60000,20,2,centralheft,65.84408678182595,757.2069979909984,832
1274,1274,0,60000,20,3,centralheft,30.875847329839104,1392.5007145757436,832
1275,1275,0,60000,20,2,centralheft,65.49827006508009,753.230105748421,832
1277,1277,0,60000,20,2,centralheft,65.49827006508009,753.230105748421,832
1273,1273,0,60000,20,1,centralheft,97.18167262836997,2915.450178851099,832
1278,1278,0,60000,20,2,centralheft,65.49827006508009,753.230105748421,832
1279,1279,0,60000,20,1,centralheft,96.89842837373871,2906.9528512121615,832
1280,1280,0,60000,20,2,centralheft,65.49827006508009,753.230105748421,832
1281,1281,0,60000,20,1,centralheft,98.10315178927254,2943.0945536781765,832
1272,1272,0,60000,20,0,centralheft,10.358455148652865,189.55972922034744,832
1282,1282,0,60000,20,2,centralheft,67.96894656190639,781.6428854619235,832
1285,1285,0,60000,20,2,centralheft,69.59011449794208,800.286316726334,832
1276,1276,0,60000,20,3,centralheft,19.404296708162715,875.1337815381385,832
1284,1284,0,60000,20,0,centralheft,14.761643166187147,270.1380699412248,832
1283,1283,0,60000,20,1,centralheft,92.94843616772224,2788.453085031667,832
1289,1289,0,60000,20,1,centralheft,99.67735359692897,2990.320607907869,832
1287,1287,0,60000,20,3,centralheft,19.400313354567384,874.954132290989,832
1286,1286,0,60000,20,2,centralheft,65.49827006508009,753.230105748421,832
1290,1290,0,60000,20,1,centralheft,94.5807095178978,2837.421285536934,832
1292,1292,0,60000,20,2,centralheft,65.49827006508009,753.230105748421,832
1294,1294,0,60000,20,2,centralheft,65.49827006508009,753.230105748421,832
1288,1288,0,60000,20,0,centralheft,8.56594691539036,156.7568285516436,832
1296,1296,0,60000,20,0,centralheft,8.767056074240001,160.43712615859204,832
1295,1295,0,60000,20,2,centralheft,65.7451080055304,756.0687420635995,832
1293,1293,0,60000,20,1,centralheft,98.29110642600712,2948.7331927802134,832
1299,1299,0,60000,20,1,centralheft,98.56873932989281,2957.062179896784,832
1297,1297,0,60000,20,0,centralheft,7.934500020955518,145.201350383486,832
1300,1300,0,60000,20,1,centralheft,98.77752989564645,2963.3258968693935,832
1298,1298,0,60000,20,2,centralheft,65.49827006508009,753.230105748421,832
1303,1303,0,60000,20,2,centralheft,66.09827006508006,760.1301057484206,832
1304,1304,0,60000,20,2,centralheft,65.66449842581238,755.1417318968424,832
1301,1301,0,60000,20,0,centralheft,7.2669079671001775,132.98441579793325,832
1305,1305,0,60000,20,2,centralheft,65.56436803642994,753.9902324189443,832
1302,1302,0,60000,20,1,centralheft,98.95422640818146,2968.6267922454435,832
1291,1291,0,60000,20,3,centralheft,24.32469210796815,1097.0436140693637,832
1309,1309,0,60000,20,3,centralheft,24.182792773198184,1090.643954071238,832
1308,1308,0,60000,20,1,centralheft,95.23223462937761,2856.9670388813283,832
1311,1311,0,60000,20,1,centralheft,95.17964730778856,2855.3894192336566,832
1306,1306,0,60000,20,0,centralheft,7.319816893540683,133.9526491517945,832
1310,1310,0,60000,20,3,centralheft,24.08611096802928,1086.2836046581206,832
1314,1314,0,60000,20,3,centralheft,24.086092700364212,1086.282780786426,832
1307,1307,0,60000,20,2,centralheft,65.6936981469715,755.4775286901722,832
1315,1315,0,60000,20,3,centralheft,24.822252387884085,1119.4835826935723,832
1316,1316,0,60000,20,2,centralheft,82.73923686234862,951.5012239170092,832
1317,1317,0,60000,20,3,centralheft,23.68979842102075,1068.4099087880359,832
1318,1318,0,60000,20,2,centralheft,76.02726554159365,874.313553728327,832
1319,1319,0,60000,20,3,centralheft,24.21235292028267,1091.9771167047484,832
1313,1313,0,60000,20,0,centralheft,10.824586168004405,198.08992687448062,832
1322,1322,0,60000,20,0,centralheft,12.343600727017126,225.8878933044134,832
1321,1321,0,60000,20,3,centralheft,25.127086761541086,1133.231612945503,832
1324,1324,0,60000,20,3,centralheft,20.158511020781447,909.1488470372433,832
1325,1325,0,60000,20,3,centralheft,21.683699464258154,977.9348458380427,832
1323,1323,0,60000,20,0,centralheft,12.075982670080894,220.99048286248035,832
1320,1320,0,60000,20,2,centralheft,66.18609542674889,761.1400974076123,832
1326,1326,0,60000,20,3,centralheft,21.424253882253744,966.233850089644,832
1327,1327,0,60000,20,0,centralheft,12.556618112139603,229.78611145215473,832
1330,1330,0,60000,20,0,centralheft,12.836813224542663,234.91368200913075,832
1331,1331,0,60000,20,0,centralheft,13.32593715641282,243.86464996235463,832
1312,1312,0,60000,20,1,centralheft,98.57075862974753,2957.1227588924257,832
1332,1332,0,60000,20,0,centralheft,14.841856996670813,271.6059830390759,832
1329,1329,0,60000,20,3,centralheft,27.073433939850634,1221.0118706872636,832
1333,1333,0,60000,20,1,centralheft,98.94777078154272,2968.4331234462816,832
1334,1334,0,60000,20,0,centralheft,15.658261409627334,286.54618379618023,832
1336,1336,0,60000,20,1,centralheft,99.13633225951301,2974.0899677853904,832
1338,1338,0,60000,20,1,centralheft,100.18252078169834,3005.4756234509505,832
1339,1339,0,60000,20,1,centralheft,98.81925994682166,2964.57779840465,832
1335,1335,0,60000,20,3,centralheft,21.977524754889508,991.1863664455168,832
1337,1337,0,60000,20,0,centralheft,6.298895765238158,115.2697925038583,832
1328,1328,0,60000,20,2,centralheft,65.49827006508009,753.230105748421,832
1341,1341,0,60000,20,3,centralheft,26.088515228591017,1176.5920368094548,832
1343,1343,0,60000,20,2,centralheft,65.49827006508009,753.230105748421,832
1340,1340,0,60000,20,1,centralheft,98.35045964279513,2950.513789283854,832
1345,1345,0,60000,20,2,centralheft,66.00588200300864,759.0676430345993,832
1344,1344,0,60000,20,3,centralheft,22.08314411957517,995.9497997928402,832
1347,1347,0,60000,20,2,centralheft,65.88035053085024,757.6240311047777,832
1342,1342,0,60000,20,0,centralheft,8.012293865872454,146.6249777454659,832
1348,1348,0,60000,20,3,centralheft,22.93659269551858,1034.440330567888,832
1350,1350,0,60000,20,0,centralheft,8.409727900134683,153.8980205724647,832
1346,1346,0,60000,20,1,centralheft,94.59321701437078,2837.7965104311234,832
1352,1352,0,60000,20,0,centralheft,4.251350718639147,77.79971815109639,832
1353,1353,0,60000,20,1,centralheft,94.09833312940616,2822.9499938821846,832
1349,1349,0,60000,20,2,centralheft,65.49827006508009,753.230105748421,832
1356,1356,0,60000,20,2,centralheft,65.49827006508009,753.230105748421,832
1351,1351,0,60000,20,3,centralheft,24.34920616813899,1098.1491981830686,832
1354,1354,0,60000,20,0,centralheft,15.497585592552712,283.60581634371465,832
1355,1355,0,60000,20,1,centralheft,97.14736132503361,2914.4208397510083,832
1359,1359,0,60000,20,0,centralheft,7.798957504125903,142.72092232550403,832
1357,1357,0,60000,20,2,centralheft,66.61457407194298,766.0676018273443,832
1360,1360,0,60000,20,1,centralheft,96.28220268959079,2888.4660806877237,832
1358,1358,0,60000,20,3,centralheft,21.571394869572533,972.8699086177212,832
1361,1361,0,60000,20,0,centralheft,7.879917560503451,144.20249135721315,832
1363,1363,0,60000,20,1,centralheft,97.59503712949751,2927.8511138849253,832
1366,1366,0,60000,20,1,centralheft,97.58588273213269,2927.5764819639808,832
1362,1362,0,60000,20,2,centralheft,66.76648095980707,767.8145310377813,832
1367,1367,0,60000,20,1,centralheft,97.14939124564211,2914.481737369263,832
1364,1364,0,60000,20,3,centralheft,23.74254555118871,1070.7888043586108,832
1370,1370,0,60000,20,3,centralheft,25.401076718106765,1145.588559986615,832
1369,1369,0,60000,20,1,centralheft,97.76522374504336,2932.9567123513007,832
1371,1371,0,60000,20,3,centralheft,21.75707295627166,981.2439903278519,832
1365,1365,0,60000,20,0,centralheft,9.620723567994716,176.05924129430332,832
1372,1372,0,60000,20,1,centralheft,98.8690103087088,2966.070309261264,832
1374,1374,0,60000,20,0,centralheft,9.444657511623985,172.83723246271893,832
1373,1373,0,60000,20,3,centralheft,23.69988281625253,1068.864715012989,832
1375,1375,0,60000,20,1,centralheft,94.58165232701627,2837.4495698104884,832
1368,1368,0,60000,20,2,centralheft,65.49827006508009,753.230105748421,832
1376,1376,0,60000,20,0,centralheft,11.40050626084616,208.62926457348476,832
1380,1380,0,60000,20,0,centralheft,11.84952834694731,216.84636874913576,832
1377,1377,0,60000,20,3,centralheft,24.403104971980245,1100.580034236309,832
1382,1382,0,60000,20,3,centralheft,22.189953096508734,1000.7668846525439,832
1379,1379,0,60000,20,2,centralheft,65.49827006508009,753.230105748421,832
1378,1378,0,60000,20,1,centralheft,94.07148340680433,2822.14450220413,832
1384,1384,0,60000,20,2,centralheft,65.49827006508009,753.230105748421,832
1381,1381,0,60000,20,0,centralheft,4.641476679289255,84.93902323099337,832
1387,1387,0,60000,20,0,centralheft,4.975116863578344,91.04463860348369,832
1386,1386,0,60000,20,2,centralheft,65.49827006508009,753.230105748421,832
1385,1385,0,60000,20,1,centralheft,93.33257182405933,2799.9771547217797,832
1389,1389,0,60000,20,2,centralheft,65.49827006508009,753.230105748421,832
1383,1383,0,60000,20,3,centralheft,20.197643473990567,910.9137206769747,832
1392,1392,0,60000,20,3,centralheft,21.07920197191081,950.6720089331775,832
1390,1390,0,60000,20,1,centralheft,96.74003652556367,2902.20109576691,832
1388,1388,0,60000,20,0,centralheft,24.699090130574643,451.99334938951597,832
1395,1395,0,60000,20,0,centralheft,3.593699368682523,65.76469844689018,832
1396,1396,0,60000,20,0,centralheft,3.942667575233603,72.15081662677494,832
1391,1391,0,60000,20,2,centralheft,69.14843835689514,795.2070411042941,832
1397,1397,0,60000,20,0,centralheft,3.910351322473134,71.55942920125835,832
1393,1393,0,60000,20,3,centralheft,18.752433382441712,845.7347455481213,832
1398,1398,0,60000,20,2,centralheft,65.49827006508009,753.230105748421,832
1399,1399,0,60000,20,0,centralheft,4.2863542141880755,78.44028211964178,832
1402,1402,0,60000,20,0,centralheft,23.472728857532474,429.55093809284426,832
1401,1401,0,60000,20,2,centralheft,65.49827006508009,753.230105748421,832
1394,1394,0,60000,20,1,centralheft,97.23945479780198,2917.1836439340595,832
1404,1404,0,60000,20,2,centralheft,66.13303114199563,760.5298581329498,832
1403,1403,0,60000,20,0,centralheft,22.380450556696356,409.56224518754334,832
1407,1407,0,60000,20,0,centralheft,22.80811038127005,417.38841997724194,832
1408,1408,0,60000,20,0,centralheft,23.15848319897733,423.8002425412851,832
1405,1405,0,60000,20,1,centralheft,96.6037921556687,2898.113764670061,832
1400,1400,0,60000,20,3,centralheft,20.13005192778521,907.865341943113,832
1411,1411,0,60000,20,3,centralheft,26.793516099733175,1208.3875760979663,832
1410,1410,0,60000,20,1,centralheft,98.66554466594243,2959.966339978273,832
1413,1413,0,60000,20,1,centralheft,98.61459730325765,2958.4379190977297,832
1409,1409,0,60000,20,0,centralheft,7.231479757728579,132.336079566433,832
1412,1412,0,60000,20,3,centralheft,26.989213497250066,1217.213528725978,832
1416,1416,0,60000,20,3,centralheft,23.196338658748747,1046.1548735095685,832
1417,1417,0,60000,20,3,centralheft,25.60328523299372,1154.7081640080169,832
1415,1415,0,60000,20,0,centralheft,3.7073246930945283,67.84404188362987,832
1414,1414,0,60000,20,1,centralheft,96.74393038208443,2902.3179114625327,832
1420,1420,0,60000,20,1,centralheft,96.63449675732836,2899.034902719851,832
1418,1418,0,60000,20,3,centralheft,22.5130603370273,1015.3390211999313,832
1419,1419,0,60000,20,0,centralheft,5.267693328451159,96.39878791065621,832
1421,1421,0,60000,20,1,centralheft,95.97643563687474,2879.293069106242,832
1422,1422,0,60000,20,3,centralheft,24.736477856540557,1115.6151513299792,832
1424,1424,0,60000,20,1,centralheft,97.04831215166463,2911.4493645499388,832
1425,1425,0,60000,20,3,centralheft,24.360357922488337,1098.652142304224,832
1427,1427,0,60000,20,3,centralheft,26.19708194421424,1181.4883956840622,832
1428,1428,0,60000,20,3,centralheft,25.2256239952685,1137.6756421866094,832
1406,1406,0,60000,20,2,centralheft,65.49827006508009,753.230105748421,832
1423,1423,0,60000,20,0,centralheft,9.098814946936692,166.50831352894147,832
1430,1430,0,60000,20,2,centralheft,65.49827006508009,753.230105748421,832
1432,1432,0,60000,20,2,centralheft,65.87302022516806,757.5397325894328,832
1426,1426,0,60000,20,1,centralheft,95.45375536640888,2863.6126609922667,832
1433,1433,0,60000,20,2,centralheft,65.49827006508009,753.230105748421,832
1434,1434,0,60000,20,1,centralheft,95.20751956157316,2856.225586847195,832
1436,1436,0,60000,20,1,centralheft,95.04035464938646,2851.2106394815937,832
1431,1431,0,60000,20,0,centralheft,8.003954305189627,146.47236378497018,832
1438,1438,0,60000,20,0,centralheft,8.43796893025827,154.41483142372635,832
1435,1435,0,60000,20,2,centralheft,65.49827006508009,753.230105748421,832
1429,1429,0,60000,20,3,centralheft,24.983564689252656,1126.7587674852948,832
1439,1439,0,60000,20,0,centralheft,8.076327208232637,147.79678791065726,832
1441,1441,0,60000,20,3,centralheft,27.343069625768553,1233.1724401221618,832
1442,1442,0,60000,20,0,centralheft,8.545740474129842,156.3870506765761,832
1444,1444,0,60000,20,0,centralheft,10.741419987708602,196.56798577506743,832
1440,1440,0,60000,20,2,centralheft,65.49827006508009,753.230105748421,832
1437,1437,0,60000,20,1,centralheft,94.90745958492174,2847.223787547652,832
1447,1447,0,60000,20,1,centralheft,94.70224104325122,2841.0672312975366,832
1448,1448,0,60000,20,1,centralheft,94.63098211445177,2838.929463433553,832
1443,1443,0,60000,20,3,centralheft,27.126628187315248,1223.4109312479177,832
1450,1450,0,60000,20,3,centralheft,27.428641414370176,1237.031727788095,832
1451,1451,0,60000,20,3,centralheft,27.52667073762582,1241.4528502669245,832
1449,1449,0,60000,20,1,centralheft,95.36905582867227,2861.071674860168,832
1445,1445,0,60000,20,0,centralheft,14.649300704182389,268.08220288653774,832
1454,1454,0,60000,20,0,centralheft,16.58285795970987,303.4663006626906,832
1453,1453,0,60000,20,1,centralheft,93.73258984807099,2811.9776954421295,832
1446,1446,0,60000,20,2,centralheft,65.49827006508009,753.230105748421,832
1452,1452,0,60000,20,3,centralheft,23.88009429748484,1076.9922528165662,832
1455,1455,0,60000,20,0,centralheft,8.432872097823125,154.3215593901632,832
1459,1459,0,60000,20,0,centralheft,7.75931425086292,141.99545079079144,832
1458,1458,0,60000,20,3,centralheft,28.205063309324878,1272.048355250552,832
1457,1457,0,60000,20,2,centralheft,65.74268623854621,756.0408917432815,832
1460,1460,0,60000,20,0,centralheft,4.8916231113403255,89.51670293752795,832
1463,1463,0,60000,20,0,centralheft,5.3686770598254,98.24679019480482,832
1462,1462,0,60000,20,2,centralheft,66.09827006508006,760.1301057484206,832
1465,1465,0,60000,20,2,centralheft,65.80733194301628,756.7843173446872,832
1466,1466,0,60000,20,2,centralheft,65.87304980616072,757.5400727708484,832
1464,1464,0,60000,20,0,centralheft,5.342645483279078,97.77041234400713,832
1461,1461,0,60000,20,3,centralheft,23.236637888482868,1047.9723687705773,832
1468,1468,0,60000,20,0,centralheft,5.6489616672972325,103.37599851153936,832
1469,1469,0,60000,20,3,centralheft,28.521341918040847,1286.3125205036422,832
1467,1467,0,60000,20,2,centralheft,65.52835426185858,753.5760740113737,832
1456,1456,0,60000,20,1,centralheft,92.94819008084336,2788.4457024253006,832
1471,1471,0,60000,20,3,centralheft,27.547696017917204,1242.401090408066,832
1470,1470,0,60000,20,0,centralheft,14.632723966564985,267.7788485881392,832
1474,1474,0,60000,20,3,centralheft,27.180881050503547,1225.85773537771,832
1473,1473,0,60000,20,1,centralheft,93.426956486258,2802.8086945877403,832
1472,1472,0,60000,20,2,centralheft,66.71109703066475,767.1776158526445,832
1476,1476,0,60000,20,3,centralheft,29.97281769785146,1351.7740781731009,832
1475,1475,0,60000,20,0,centralheft,14.763611123135178,270.17408355337375,832
1478,1478,0,60000,20,2,centralheft,65.49827006508009,753.230105748421,832
1479,1479,0,60000,20,3,centralheft,29.786960416511306,1343.39191478466,832
1482,1482,0,60000,20,3,centralheft,19.018490455524773,857.7339195441673,832
1483,1483,0,60000,20,3,centralheft,19.799401567882395,892.9530107114961,832
1481,1481,0,60000,20,2,centralheft,65.87062750169657,757.5122162695106,832
1484,1484,0,60000,20,3,centralheft,20.022629365623263,903.0205843896092,832
1477,1477,0,60000,20,1,centralheft,91.6349988829676,2749.0499664890276,832
1486,1486,0,60000,20,3,centralheft,20.630244040658663,930.4240062337058,832
1488,1488,0,60000,20,3,centralheft,23.480912232534582,1058.9891416873097,832
1485,1485,0,60000,20,2,centralheft,65.49827006508009,753.230105748421,832
1480,1480,0,60000,20,0,centralheft,7.215755389685606,132.0483236312466,832
1490,1490,0,60000,20,2,centralheft,68.74927062894194,790.6166122328323,832
1491,1491,0,60000,20,0,centralheft,7.760075687750434,142.00938508583295,832
1489,1489,0,60000,20,3,centralheft,21.438256816121825,966.8653824070943,832
1494,1494,0,60000,20,3,centralheft,23.30495017621204,1051.053252947163,832
1495,1495,0,60000,20,3,centralheft,25.356491152673286,1143.5777509855652,832
1492,1492,0,60000,20,2,centralheft,65.49827006508009,753.230105748421,832
1496,1496,0,60000,20,3,centralheft,22.911364314376605,1033.302530578385,832
1497,1497,0,60000,20,2,centralheft,65.49827006508009,753.230105748421,832
1487,1487,0,60000,20,1,centralheft,89.22468370227149,2676.7405110681448,832
1498,1498,0,60000,20,3,centralheft,26.875043141483136,1212.0644456808895,832
1500,1500,0,60000,20,1,centralheft,92.84594986645182,2785.3784959935547,832
1501,1501,0,60000,20,3,centralheft,27.84664635570981,1255.8837506425125,832
1503,1503,0,60000,20,3,centralheft,28.050142227958528,1265.0614144809297,832
1504,1504,0,60000,20,3,centralheft,28.055008372546464,1265.2808776018455,832
1493,1493,0,60000,20,0,centralheft,13.545316841311552,247.8792981960014,832
1505,1505,0,60000,20,3,centralheft,26.79011881537403,1208.2343585733688,832
1507,1507,0,60000,20,3,centralheft,27.123974254294154,1223.2912388686664,832
1506,1506,0,60000,20,0,centralheft,5.053435860495558,92.4778762470687,832
1502,1502,0,60000,20,1,centralheft,93.3763347420521,2801.290042261563,832
1499,1499,0,60000,20,2,centralheft,65.61124358629564,754.5293012423999,832
1509,1509,0,60000,20,0,centralheft,14.318516007288352,262.02884293337684,832
1511,1511,0,60000,20,2,centralheft,66.49827006508,764.7301057484201,832
1513,1513,0,60000,20,2,centralheft,66.2766675771115,762.1816771367821,832
1514,1514,0,60000,20,2,centralheft,65.59489959609299,754.3413453550693,832
1508,1508,0,60000,20,3,centralheft,21.286214920136505,960.0082928981565,832
1512,1512,0,60000,20,0,centralheft,4.348064827302804,79.56958633964132,832
1510,1510,0,60000,20,1,centralheft,94.61365553096996,2838.409665929099,832
1516,1516,0,60000,20,3,centralheft,19.83899718553233,894.7387730675082,832
1517,1517,0,60000,20,0,centralheft,7.275804793031762,133.14722771248125,832
1520,1520,0,60000,20,0,centralheft,7.946875295181429,145.42781790182016,832
1518,1518,0,60000,20,1,centralheft,96.26451137251834,2887.93534117555,832
1519,1519,0,60000,20,3,centralheft,21.31086786471264,961.1201406985401,832
1515,1515,0,60000,20,2,centralheft,65.49827006508009,753.230105748421,832
1522,1522,0,60000,20,1,centralheft,96.88420588980583,2906.526176694175,832
1523,1523,0,60000,20,3,centralheft,22.75705156141867,1026.343025419982,832
1526,1526,0,60000,20,3,centralheft,23.142482114013777,1043.7259433420213,832
1524,1524,0,60000,20,2,centralheft,65.80457371832776,756.7525977607693,832
1521,1521,0,60000,20,0,centralheft,5.797401765657625,106.09245231153454,832
1529,1529,0,60000,20,0,centralheft,6.133176019901953,112.23712116420575,832
1528,1528,0,60000,20,2,centralheft,67.24128405458895,773.2747666277728,832
1525,1525,0,60000,20,1,centralheft,98.56185086377891,2956.8555259133673,832
1532,1532,0,60000,20,1,centralheft,98.61197791964447,2958.3593375893342,832
1533,1533,0,60000,20,1,centralheft,99.15001001384277,2974.500300415283,832
1530,1530,0,60000,20,0,centralheft,5.862320006868994,107.28045612570259,832
1531,1531,0,60000,20,2,centralheft,66.63768838831027,766.333416465568,832
1534,1534,0,60000,20,1,centralheft,99.35641176644094,2980.6923529932283,832
1535,1535,0,60000,20,0,centralheft,5.65025587377186,103.39968249002504,832
1537,1537,0,60000,20,1,centralheft,99.30629222302153,2979.188766690646,832
1539,1539,0,60000,20,1,centralheft,100.98618773726179,3029.5856321178535,832
1527,1527,0,60000,20,3,centralheft,25.12290934903837,1133.0432116416305,832
1538,1538,0,60000,20,0,centralheft,9.223485433724376,168.78978343715607,832
1541,1541,0,60000,20,3,centralheft,25.999107432442447,1172.5597452031543,832
1536,1536,0,60000,20,2,centralheft,66.4339705509645,763.9906613360918,832
1540,1540,0,60000,20,1,centralheft,95.11757158178143,2853.527147453443,832
1544,1544,0,60000,20,2,centralheft,66.33641817973219,762.8688090669202,832
1543,1543,0,60000,20,3,centralheft,27.15232751168938,1224.569970777191,832
1545,1545,0,60000,20,1,centralheft,95.94577711435913,2878.373313430774,832
1547,1547,0,60000,20,3,centralheft,26.809024760217444,1209.0870166858067,832
1548,1548,0,60000,20,1,centralheft,96.1562005879037,2884.686017637111,832
1542,1542,0,60000,20,0,centralheft,6.874307628889012,125.79982960866892,832
1549,1549,0,60000,20,3,centralheft,26.299656360684626,1186.1145018668767,832
1552,1552,0,60000,20,3,centralheft,26.392628930225953,1190.3075647531905,832
1550,1550,0,60000,20,1,centralheft,96.75787396714547,2902.736219014364,832
1551,1551,0,60000,20,0,centralheft,8.763145143618496,160.3655561282185,832
1553,1553,0,60000,20,3,centralheft,22.795196955327132,1028.0633826852536,832
1554,1554,0,60000,20,1,centralheft,95.3525533292854,2860.576599878562,832
1556,1556,0,60000,20,3,centralheft,21.889978894948324,987.2380481621694,832
1555,1555,0,60000,20,0,centralheft,8.29511488523008,151.80060239971044,832
1558,1558,0,60000,20,3,centralheft,23.114154690216356,1042.4483765287578,832
1546,1546,0,60000,20,2,centralheft,67.06977426010963,771.3024039912607,832
1561,1561,0,60000,20,2,centralheft,65.65394825820904,755.0204049694039,832
1559,1559,0,60000,20,0,centralheft,9.400400516356282,172.02732944931995,832
1560,1560,0,60000,20,3,centralheft,22.232032318657375,1002.6646575714476,832
1563,1563,0,60000,20,0,centralheft,10.286349920887481,188.24020355224093,832
1562,1562,0,60000,20,2,centralheft,65.51463266314686,753.4182756261889,832
1566,1566,0,60000,20,2,centralheft,65.49827006508,753.2301057484201,832
1564,1564,0,60000,20,3,centralheft,22.6924393978905,1023.4290168448615,832
1557,1557,0,60000,20,1,centralheft,93.855754817133,2815.6726445139902,832
1567,1567,0,60000,20,2,centralheft,65.49827006508,753.2301057484201,832
1569,1569,0,60000,20,1,centralheft,97.930269786711,2937.9080936013297,832
1565,1565,0,60000,20,0,centralheft,13.236249799657378,242.22337133373003,832
1571,1571,0,60000,20,1,centralheft,99.82151760376259,2994.6455281128774,832
1568,1568,0,60000,20,3,centralheft,24.201515725573955,1091.4883592233855,832
1572,1572,0,60000,20,0,centralheft,7.7754761244886055,142.29121307814148,832
1573,1573,0,60000,20,1,centralheft,93.77994858470011,2813.398457541003,832
1575,1575,0,60000,20,0,centralheft,8.26234816970746,151.20097150564652,832
1576,1576,0,60000,20,1,centralheft,99.46034382780863,2983.810314834259,832
1577,1577,0,60000,20,0,centralheft,9.941451429548692,181.92856116074108,832
1570,1570,0,60000,20,2,centralheft,65.49827006508,753.2301057484201,832
1579,1579,0,60000,20,0,centralheft,10.37335517674762,189.83239973448144,832
1581,1581,0,60000,20,0,centralheft,11.816645846778645,216.2446189960492,832
1578,1578,0,60000,20,1,centralheft,95.41408039984056,2862.422411995217,832
1574,1574,0,60000,20,3,centralheft,22.969330206072133,1035.9167922938532,832
1582,1582,0,60000,20,0,centralheft,9.225648884963556,168.8293745948331,832
1580,1580,0,60000,20,2,centralheft,65.49827006508,753.2301057484201,832
1585,1585,0,60000,20,0,centralheft,13.242956100044575,242.34609663081574,832
1587,1587,0,60000,20,0,centralheft,11.480667370804222,210.09621288571725,832
1586,1586,0,60000,20,2,centralheft,65.49827006508009,753.230105748421,832
1583,1583,0,60000,20,1,centralheft,94.91170971534578,2847.3512914603734,832
1589,1589,0,60000,20,2,centralheft,66.09827006508006,760.1301057484206,832
1591,1591,0,60000,20,2,centralheft,65.7535104773206,756.1653704891869,832
1584,1584,0,60000,20,3,centralheft,20.367380359714353,918.5688542231173,832
1590,1590,0,60000,20,1,centralheft,94.8368567904568,2845.1057037137043,832
1592,1592,0,60000,20,2,centralheft,65.49827006508,753.2301057484201,832
1594,1594,0,60000,20,1,centralheft,94.47257180795253,2834.177154238576,832
1588,1588,0,60000,20,0,centralheft,10.739303877871365,196.52926096504598,832
1597,1597,0,60000,20,0,centralheft,11.445656038605078,209.45550550647295,832
1595,1595,0,60000,20,2,centralheft,65.49827006508,753.2301057484201,832
1596,1596,0,60000,20,1,centralheft,93.8762663863133,2816.287991589399,832
1598,1598,0,60000,20,0,centralheft,12.774988587832157,233.78229115732847,832
1601,1601,0,60000,20,0,centralheft,13.120677879611181,240.10840519688463,832
1600,1600,0,60000,20,1,centralheft,94.2140216391098,2826.420649173294,832
1599,1599,0,60000,20,2,centralheft,65.49827006508009,753.230105748421,832
1603,1603,0,60000,20,1,centralheft,98.07584851334974,2942.2754554004923,832
1602,1602,0,60000,20,0,centralheft,6.543308148633504,119.74253911999313,832
1604,1604,0,60000,20,2,centralheft,66.36366948501659,763.1821990776907,832
1607,1607,0,60000,20,2,centralheft,66.35524980697316,763.0853727801914,832
1605,1605,0,60000,20,1,centralheft,98.76869075297934,2963.06072258938,832
1608,1608,0,60000,20,2,centralheft,65.89383795916713,757.779136530422,832
1610,1610,0,60000,20,2,centralheft,65.49827006508,753.2301057484201,832
1593,1593,0,60000,20,3,centralheft,22.361870327092205,1008.5203517518585,832
1609,1609,0,60000,20,1,centralheft,94.10049344060062,2823.0148032180186,832
1612,1612,0,60000,20,3,centralheft,31.07366312300488,1401.42220684752,832
1606,1606,0,60000,20,0,centralheft,14.241649766175964,260.62219072102016,832
1614,1614,0,60000,20,3,centralheft,32.60318131686911,1470.403477390797,832
1611,1611,0,60000,20,2,centralheft,65.49827006508009,753.230105748421,832
1613,1613,0,60000,20,1,centralheft,94.38754491809983,2831.626347542995,832
1618,1618,0,60000,20,1,centralheft,95.589022825009,2867.67068475027,832
1615,1615,0,60000,20,0,centralheft,12.82862672570326,234.76386908036966,832
1619,1619,0,60000,20,1,centralheft,98.23462688868706,2947.038806660612,832
1617,1617,0,60000,20,2,centralheft,66.09827006508006,760.1301057484206,832
1622,1622,0,60000,20,2,centralheft,65.67189327887544,755.2267727070675,832
1623,1623,0,60000,20,2,centralheft,65.49827006508,753.2301057484201,832
1616,1616,0,60000,20,3,centralheft,20.024327200024732,903.0971567211154,832
1620,1620,0,60000,20,0,centralheft,5.637749419632503,103.17081437927482,832
1624,1624,0,60000,20,2,centralheft,65.49827006508009,753.230105748421,832
1626,1626,0,60000,20,0,centralheft,16.373877579495417,299.6419597047661,832
1625,1625,0,60000,20,3,centralheft,24.048668402587637,1084.5949449567024,832
1628,1628,0,60000,20,0,centralheft,20.21753490776287,369.9808888120606,832
1630,1630,0,60000,20,0,centralheft,20.697735859975147,378.7685662375452,832
1631,1631,0,60000,20,0,centralheft,18.09747723033298,331.1838333150936,832
1621,1621,0,60000,20,1,centralheft,97.11987454826661,2913.5962364479983,832
1633,1633,0,60000,20,1,centralheft,96.7069149333763,2901.207448001289,832
1634,1634,0,60000,20,1,centralheft,96.62904025329514,2898.871207598854,832
1629,1629,0,60000,20,3,centralheft,23.237344717103014,1048.004246741346,832
1627,1627,0,60000,20,2,centralheft,65.78398681138029,756.5158483308733,832
1636,1636,0,60000,20,3,centralheft,19.988202447956652,901.467930402845,832
1632,1632,0,60000,20,0,centralheft,4.884470183871519,89.38580436484881,832
1639,1639,0,60000,20,0,centralheft,5.064229161335128,92.67539365243283,832
1637,1637,0,60000,20,2,centralheft,65.49827006508,753.2301057484201,832
1638,1638,0,60000,20,3,centralheft,23.83153147694088,1074.8020696100339,832
1635,1635,0,60000,20,1,centralheft,95.05986953277612,2851.796085983284,832
1643,1643,0,60000,20,1,centralheft,95.78526476627316,2873.5579429881946,832
1641,1641,0,60000,20,2,centralheft,65.49827006508,753.2301057484201,832
1642,1642,0,60000,20,3,centralheft,23.30530826657002,1051.069402822308,832
1646,1646,0,60000,20,3,centralheft,22.77444825707769,1027.1276163942039,832
1644,1644,0,60000,20,1,centralheft,96.63893913250644,2899.168173975193,832
1647,1647,0,60000,20,3,centralheft,22.544701337047847,1016.7660303008579,832
1640,1640,0,60000,20,0,centralheft,9.631009375248464,176.2474715670469,832
1648,1648,0,60000,20,1,centralheft,95.3733244624879,2861.199733874637,832
1645,1645,0,60000,20,2,centralheft,65.49827006508,753.2301057484201,832
1650,1650,0,60000,20,0,centralheft,13.383869284123131,244.9248078994533,832
1653,1653,0,60000,20,0,centralheft,15.602495799158218,285.5256731245954,832
1654,1654,0,60000,20,0,centralheft,15.396511327324859,281.75615729004494,832
1649,1649,0,60000,20,3,centralheft,25.635053610940002,1156.140917853394,832
1651,1651,0,60000,20,1,centralheft,95.36248678571089,2860.8746035713266,832
1657,1657,0,60000,20,1,centralheft,96.75231279321719,2902.5693837965155,832
1656,1656,0,60000,20,3,centralheft,25.672509606208973,1157.8301832400248,832
1655,1655,0,60000,20,0,centralheft,6.427510276263673,117.62343805562523,832
1652,1652,0,60000,20,2,centralheft,65.49827006508,753.2301057484201,832
1659,1659,0,60000,20,3,centralheft,23.47534411462315,1058.738019569504,832
1658,1658,0,60000,20,1,centralheft,96.1814443559367,2885.443330678101,832
1661,1661,0,60000,20,2,centralheft,65.49827006508,753.2301057484201,832
1662,1662,0,60000,20,3,centralheft,24.24781539564699,1093.5764743436794,832
1664,1664,0,60000,20,2,centralheft,65.49827006508,753.2301057484201,832
1665,1665,0,60000,20,3,centralheft,25.136483137879473,1133.6553895183642,832
1660,1660,0,60000,20,0,centralheft,11.549844504005122,211.36215442329376,832
1668,1668,0,60000,20,0,centralheft,17.931569618552405,328.14772401950904,832
1666,1666,0,60000,20,2,centralheft,65.49827006508,753.2301057484201,832
1669,1669,0,60000,20,0,centralheft,19.383365024743416,354.71557995280455,832
1671,1671,0,60000,20,0,centralheft,20.26988010635101,370.9388059462235,832
1672,1672,0,60000,20,0,centralheft,21.835799560734205,399.595131961436,832
1673,1673,0,60000,20,0,centralheft,22.349724359074408,408.99995577106165,832
1667,1667,0,60000,20,3,centralheft,24.220053294873875,1092.3244035988118,832
1670,1670,0,60000,20,2,centralheft,65.54513372754161,753.7690378667285,832
1675,1675,0,60000,20,3,centralheft,20.278542990841288,914.562288886942,832
1674,1674,0,60000,20,0,centralheft,3.8027589141847535,69.59048812958099,832
1678,1678,0,60000,20,0,centralheft,4.2783544889147365,78.29388714713969,832
1676,1676,0,60000,20,2,centralheft,65.49827006508,753.2301057484201,832
1679,1679,0,60000,20,0,centralheft,4.172998491844314,76.36587240075096,832
1681,1681,0,60000,20,0,centralheft,4.595987054851962,84.1065631037909,832
1663,1663,0,60000,20,1,centralheft,95.4862865280217,2864.5885958406507,832
1683,1683,0,60000,20,1,centralheft,95.1792157094805,2855.376471284415,832
1682,1682,0,60000,20,0,centralheft,16.150625208456454,295.5564413147531,832
1680,1680,0,60000,20,2,centralheft,66.27432261860415,762.1547101139477,832
1686,1686,0,60000,20,2,centralheft,65.6419804738594,754.8827754493832,832
1685,1685,0,60000,20,0,centralheft,17.107447907082296,313.066296699606,832
1687,1687,0,60000,20,2,centralheft,65.8483582338337,757.2561196890874,832
1677,1677,0,60000,20,3,centralheft,23.98549149369388,1081.745666365594,832
1688,1688,0,60000,20,0,centralheft,7.507787727231143,137.39251540832993,832
1690,1690,0,60000,20,3,centralheft,23.97799583275176,1081.4076120571044,832
1684,1684,0,60000,20,1,centralheft,96.43300178629028,2892.990053588708,832
1689,1689,0,60000,20,2,centralheft,66.09827006507997,760.1301057484197,832
1694,1694,0,60000,20,2,centralheft,66.08067535459375,759.9277665778282,832
1693,1693,0,60000,20,1,centralheft,96.24138886449079,2887.2416659347236,832
1691,1691,0,60000,20,0,centralheft,8.53479814442835,156.1868060430388,832
1697,1697,0,60000,20,0,centralheft,9.857965532024199,180.40076923604283,832
1692,1692,0,60000,20,3,centralheft,19.46931978244448,878.066322188246,832
1695,1695,0,60000,20,2,centralheft,65.74819192040282,756.1042070846324,832
1696,1696,0,60000,20,1,centralheft,95.00416327227632,2850.1248981682893,832
1700,1700,0,60000,20,2,centralheft,65.52459424693465,753.5328338397485,832
1702,1702,0,60000,20,2,centralheft,65.66122089304727,755.1040402700437,832
1703,1703,0,60000,20,2,centralheft,65.49827006508,753.2301057484201,832
1699,1699,0,60000,20,3,centralheft,20.310018606036536,915.9818391322478,832
1701,1701,0,60000,20,1,centralheft,94.39630846446931,2831.8892539340795,832
1704,1704,0,60000,20,2,centralheft,65.49827006508,753.2301057484201,832
1706,1706,0,60000,20,1,centralheft,95.38266378470216,2861.479913541065,832
1698,1698,0,60000,20,0,centralheft,15.645331218507495,286.3095612986872,832
1709,1709,0,60000,20,0,centralheft,10.40123753191527,190.34264683404945,832
1708,1708,0,60000,20,1,centralheft,95.82527026224622,2874.7581078673866,832
1707,1707,0,60000,20,2,centralheft,66.89714254844829,769.3171393071552,832
1705,1705,0,60000,20,3,centralheft,24.020999548214757,1083.3470796244856,832
1713,1713,0,60000,20,3,centralheft,27.200865338843773,1226.7590267818541,832
1710,1710,0,60000,20,0,centralheft,13.992427841241279,256.0614294947154,832
1711,1711,0,60000,20,1,centralheft,96.77029284345602,2903.1087853036806,832
1716,1716,0,60000,20,1,centralheft,98.06678749314658,2942.003624794397,832
1717,1717,0,60000,20,1,centralheft,98.77561870889494,2963.2685612668483,832
1714,1714,0,60000,20,3,centralheft,25.30982256636952,1141.4729977432653,832
1718,1718,0,60000,20,1,centralheft,97.51592051925503,2925.477615577651,832
1719,1719,0,60000,20,3,centralheft,26.003793001334497,1172.7710643601858,832
1712,1712,0,60000,20,2,centralheft,65.49827006508,753.2301057484201,832
1715,1715,0,60000,20,0,centralheft,8.927190660966327,163.3675890956838,832
1720,1720,0,60000,20,1,centralheft,97.17882317235198,2915.3646951705596,832
1722,1722,0,60000,20,2,centralheft,65.49827006508,753.2301057484201,832
1721,1721,0,60000,20,3,centralheft,23.502698355639872,1059.9716958393583,832
1726,1726,0,60000,20,3,centralheft,25.921970955579486,1169.080890096635,832
1723,1723,0,60000,20,0,centralheft,10.60055539101036,193.9901636554896,832
1724,1724,0,60000,20,1,centralheft,96.93024165919687,2907.907249775906,832
1728,1728,0,60000,20,0,centralheft,10.938346437330035,200.17173980313964,832
1725,1725,0,60000,20,2,centralheft,66.1282196850946,760.474526378588,832
1731,1731,0,60000,20,2,centralheft,66.11456568877506,760.3175054209132,832
1732,1732,0,60000,20,2,centralheft,65.78502512734896,756.5277889645131,832
1727,1727,0,60000,20,3,centralheft,25.72065630485381,1160.001599348907,832
1733,1733,0,60000,20,2,centralheft,66.09827006507997,760.1301057484197,832
1735,1735,0,60000,20,2,centralheft,65.93009254427734,758.1960642591894,832
1730,1730,0,60000,20,0,centralheft,6.485310781770481,118.6811873063998,832
1736,1736,0,60000,20,2,centralheft,65.69389551556884,755.4797984290417,832
1737,1737,0,60000,20,0,centralheft,5.239374994979216,95.88056240811966,832
1734,1734,0,60000,20,3,centralheft,25.182450547510875,1135.7285196927405,832
1740,1740,0,60000,20,3,centralheft,25.26969371540265,1139.6631865646596,832
1739,1739,0,60000,20,0,centralheft,8.768865004513712,160.47022958260095,832
1738,1738,0,60000,20,2,centralheft,65.49827006508,753.2301057484201,832
1743,1743,0,60000,20,2,centralheft,65.49827006508,753.2301057484201,832
1741,1741,0,60000,20,3,centralheft,24.136878856972377,1088.5732364494543,832
1742,1742,0,60000,20,0,centralheft,8.72755225557963,159.71420627710722,832
1745,1745,0,60000,20,3,centralheft,26.11761855702541,1177.904596921846,832
1746,1746,0,60000,20,0,centralheft,9.535261761121829,174.49529022852948,832
1744,1744,0,60000,20,2,centralheft,65.77941905804856,756.4633191675584,832
1729,1729,0,60000,20,1,centralheft,95.17249582750192,2855.1748748250575,832
1747,1747,0,60000,20,3,centralheft,23.595913024260746,1064.1756773941597,832
1751,1751,0,60000,20,3,centralheft,23.013498893548025,1037.908800099016,832
1752,1752,0,60000,20,3,centralheft,23.28829415807685,1050.302066529266,832
1750,1750,0,60000,20,1,centralheft,94.86441711800192,2845.9325135400577,832
1749,1749,0,60000,20,2,centralheft,65.49827006508,753.2301057484201,832
1753,1753,0,60000,20,3,centralheft,24.605412768914398,1109.7041158780394,832
1755,1755,0,60000,20,2,centralheft,72.75250870711281,836.6538501317973,832
1748,1748,0,60000,20,0,centralheft,7.703053155646805,140.96587274833655,832
1758,1758,0,60000,20,0,centralheft,8.12766816173583,148.7363273597657,832
1754,1754,0,60000,20,1,centralheft,94.21617817339823,2826.485345201947,832
1756,1756,0,60000,20,3,centralheft,19.780735408001746,892.1111669008787,832
1761,1761,0,60000,20,3,centralheft,19.802218524114412,893.0800554375601,832
1760,1760,0,60000,20,1,centralheft,94.24446197449507,2827.333859234852,832
1759,1759,0,60000,20,0,centralheft,7.765938510555976,142.11667474317437,832
1763,1763,0,60000,20,1,centralheft,96.24576150653004,2887.3728451959014,832
1764,1764,0,60000,20,0,centralheft,7.896224706900448,144.5009121362782,832
1765,1765,0,60000,20,1,centralheft,95.90466422371045,2877.139926711314,832
1762,1762,0,60000,20,3,centralheft,24.24586138110868,1093.4883482880014,832
1757,1757,0,60000,20,2,centralheft,67.15044397812349,772.2301057484201,832
1766,1766,0,60000,20,0,centralheft,7.813023442732564,142.97832900200592,832
1768,1768,0,60000,20,3,centralheft,24.235438053773297,1093.0182562251757,832
1767,1767,0,60000,20,1,centralheft,95.36892837637569,2861.067851291271,832
1772,1772,0,60000,20,1,centralheft,95.8048349926518,2874.145049779554,832
1770,1770,0,60000,20,0,centralheft,12.061955961768641,220.73379410036614,832
1769,1769,0,60000,20,2,centralheft,65.49827006508,753.2301057484201,832
1774,1774,0,60000,20,0,centralheft,3.6090508939926873,66.04563136006618,832
1771,1771,0,60000,20,3,centralheft,22.841934188503377,1030.1712319015023,832
1776,1776,0,60000,20,0,centralheft,12.591638035140077,230.4269760430634,832
1778,1778,0,60000,20,0,centralheft,12.998135893269604,237.86588684683375,832
1775,1775,0,60000,20,2,centralheft,65.49827006508,753.2301057484201,832
1780,1780,0,60000,20,2,centralheft,65.49827006508,753.2301057484201,832
1779,1779,0,60000,20,0,centralheft,6.421132465145535,117.50672411216328,832
1777,1777,0,60000,20,3,centralheft,20.77559283701755,936.9792369494917,832
1773,1773,0,60000,20,1,centralheft,93.01960875287726,2790.588262586318,832
1783,1783,0,60000,20,3,centralheft,22.32984504634669,1007.0760115902358,832
1781,1781,0,60000,20,2,centralheft,65.49827006508,753.2301057484201,832
1782,1782,0,60000,20,0,centralheft,10.777766664839755,197.2331299665675,832
1787,1787,0,60000,20,0,centralheft,11.282727437976432,206.4739121149687,832
1785,1785,0,60000,20,3,centralheft,22.23145312210716,1002.6385358070329,832
1789,1789,0,60000,20,3,centralheft,23.678035309682215,1067.879392466668,832
1786,1786,0,60000,20,2,centralheft,66.78276981343943,768.0018528545534,832
1784,1784,0,60000,20,1,centralheft,90.83229957510805,2724.9689872532417,832
1790,1790,0,60000,20,3,centralheft,23.274508585585895,1049.680337209924,832
1791,1791,0,60000,20,2,centralheft,66.8004969312688,768.2057147095911,832
1792,1792,0,60000,20,1,centralheft,92.57482438111771,2777.2447314335313,832
1793,1793,0,60000,20,3,centralheft,23.82798297961515,1074.6420323806433,832
1788,1788,0,60000,20,0,centralheft,6.288397637100224,115.0776767589341,832
1795,1795,0,60000,20,1,centralheft,92.04018787620825,2761.2056362862477,832
1796,1796,0,60000,20,3,centralheft,19.603300374272095,884.1088468796715,832
1794,1794,0,60000,20,2,centralheft,67.04723522651614,771.0432051049356,832
1798,1798,0,60000,20,1,centralheft,92.61590167655844,2778.477050296753,832
1797,1797,0,60000,20,0,centralheft,7.347755909488482,134.46393314363922,832
1802,1802,0,60000,20,0,centralheft,7.574168763482698,138.60728837173338,832
1799,1799,0,60000,20,3,centralheft,24.755171484694657,1116.4582339597291,832
1801,1801,0,60000,20,1,centralheft,91.8423757495868,2755.2712724876037,832
1804,1804,0,60000,20,3,centralheft,20.161787104113365,909.2965983955128,832
1800,1800,0,60000,20,2,centralheft,65.49827006508,753.2301057484201,832
1803,1803,0,60000,20,0,centralheft,8.124147383350646,148.67189711531682,832
1807,1807,0,60000,20,2,centralheft,70.66437941461513,812.640363268074,832
1809,1809,0,60000,20,2,centralheft,66.21725924611319,761.4984813303017,832
1810,1810,0,60000,20,2,centralheft,65.49827006508,753.2301057484201,832
1808,1808,0,60000,20,0,centralheft,7.566434674758096,138.46575454807316,832
1812,1812,0,60000,20,0,centralheft,8.863143977639874,162.1955347908097,832
1811,1811,0,60000,20,2,centralheft,66.09827006507997,760.1301057484197,832
1814,1814,0,60000,20,2,centralheft,66.39367429827847,763.5272544302024,832
1805,1805,0,60000,20,1,centralheft,90.63187727568985,2718.956318270695,832
1816,1816,0,60000,20,1,centralheft,90.50148307808898,2715.0444923426694,832
1815,1815,0,60000,20,2,centralheft,65.8273774321726,757.0148404699848,832
1817,1817,0,60000,20,1,centralheft,92.35896196967539,2770.7688590902617,832
1806,1806,0,60000,20,3,centralheft,19.602557510903946,884.0753437417679,832
1818,1818,0,60000,20,2,centralheft,65.58259960167388,754.1998954192495,832
1820,1820,0,60000,20,3,centralheft,20.523032120497117,925.58874863442,832
1821,1821,0,60000,20,2,centralheft,65.49827006508,753.2301057484201,832
1813,1813,0,60000,20,0,centralheft,10.191374818790631,186.50215918386857,832
1819,1819,0,60000,20,1,centralheft,94.03253652334861,2820.9760957004582,832
1824,1824,0,60000,20,0,centralheft,10.16972212056888,186.1059148064105,832
1826,1826,0,60000,20,0,centralheft,10.848988809806631,198.53649521946136,832
1827,1827,0,60000,20,0,centralheft,9.0412796982204,165.45541847743334,832
1822,1822,0,60000,20,3,centralheft,21.59400424295621,973.8895913573251,832
1828,1828,0,60000,20,0,centralheft,10.601626458878432,194.0097641974753,832
1825,1825,0,60000,20,1,centralheft,94.05699612795209,2821.7098838385627,832
1823,1823,0,60000,20,2,centralheft,65.49827006508,753.2301057484201,832
1832,1832,0,60000,20,2,centralheft,66.09827006507997,760.1301057484197,832
1829,1829,0,60000,20,3,centralheft,28.806276668057436,1299.1630777293904,832
1833,1833,0,60000,20,2,centralheft,66.1699952433484,760.9549452985066,832
1834,1834,0,60000,20,3,centralheft,21.768008345876304,981.7371763990213,832
1835,1835,0,60000,20,2,centralheft,65.71629935880058,755.7374426262068,832
1837,1837,0,60000,20,2,centralheft,65.6511685494131,754.9884383182507,832
1831,1831,0,60000,20,1,centralheft,94.35802842333251,2830.740852699975,832
1830,1830,0,60000,20,0,centralheft,8.766045591419143,160.41863432297032,832
1836,1836,0,60000,20,3,centralheft,23.04304506783319,1039.241332559277,832
1840,1840,0,60000,20,0,centralheft,9.008407206884675,164.85385188598957,832
1838,1838,0,60000,20,2,centralheft,65.49827006508,753.2301057484201,832
1841,1841,0,60000,20,3,centralheft,23.337602156694675,1052.52585726693,832
1844,1844,0,60000,20,3,centralheft,24.855881121262655,1121.0002385689459,832
1843,1843,0,60000,20,2,centralheft,65.49827006508,753.2301057484201,832
1839,1839,0,60000,20,1,centralheft,94.95510588467211,2848.6531765401633,832
1847,1847,0,60000,20,1,centralheft,95.18257248892496,2855.477174667749,832
1845,1845,0,60000,20,3,centralheft,23.652169174479894,1066.7128297690433,832
1846,1846,0,60000,20,2,centralheft,65.66176201475268,755.1102631696558,832
1850,1850,0,60000,20,2,centralheft,65.49827006508,753.2301057484201,832
1848,1848,0,60000,20,1,centralheft,95.43995796049943,2863.198738814983,832
1852,1852,0,60000,20,1,centralheft,97.60263147259872,2928.0789441779616,832
1853,1853,0,60000,20,1,centralheft,97.64644365291115,2929.3933095873344,832
1851,1851,0,60000,20,2,centralheft,65.63734982165276,754.8295229490068,832
1854,1854,0,60000,20,1,centralheft,98.53049340318115,2955.9148020954344,832
1855,1855,0,60000,20,2,centralheft,67.32693491221542,774.2597514904774,832
1856,1856,0,60000,20,1,centralheft,99.04678548775003,2971.403564632501,832
1849,1849,0,60000,20,3,centralheft,23.206398045831296,1046.6085518669915,832
1859,1859,0,60000,20,3,centralheft,24.400654429281754,1100.4695147606071,832
1842,1842,0,60000,20,0,centralheft,10.437993133362328,191.0152743405306,832
1858,1858,0,60000,20,1,centralheft,98.42723811678873,2952.817143503662,832
1857,1857,0,60000,20,2,centralheft,65.49827006508,753.2301057484201,832
1863,1863,0,60000,20,2,centralheft,66.59919218836734,765.8907101662244,832
1861,1861,0,60000,20,0,centralheft,13.762526831814597,251.85424102220713,832
1865,1865,0,60000,20,0,centralheft,14.444185087908945,264.3285871087337,832
1864,1864,0,60000,20,2,centralheft,65.49827006508,753.2301057484201,832
1866,1866,0,60000,20,0,centralheft,14.228923796007884,260.3893054669443,832
1862,1862,0,60000,20,1,centralheft,98.28936542675989,2948.680962802797,832
1868,1868,0,60000,20,0,centralheft,20.278038857935318,371.08811110021634,832
1867,1867,0,60000,20,2,centralheft,65.49827006508,753.2301057484201,832
1860,1860,0,60000,20,3,centralheft,32.832417717511106,1480.7420390597508,832
1872,1872,0,60000,20,3,centralheft,34.40169569729102,1551.5164759478248,832
1869,1869,0,60000,20,1,centralheft,101.19660986812481,3035.8982960437443,832
1870,1870,0,60000,20,0,centralheft,10.177118734028111,186.24127283271446,832
1875,1875,0,60000,20,0,centralheft,10.659866531978118,195.07555753519955,832
1874,1874,0,60000,20,1,centralheft,97.82868966781407,2934.860690034422,832
1876,1876,0,60000,20,0,centralheft,16.606416611301057,303.8974239868094,832
1878,1878,0,60000,20,0,centralheft,4.733176449065621,86.61712901790088,832
1877,1877,0,60000,20,1,centralheft,98.31309875378156,2949.392962613447,832
1880,1880,0,60000,20,1,centralheft,100.45361605478641,3013.6084816435923,832
1881,1881,0,60000,20,1,centralheft,102.2377043911801,3067.131131735403,832
1873,1873,0,60000,20,3,centralheft,23.781828204180606,1072.5604520085453,832
1879,1879,0,60000,20,0,centralheft,6.15066551625662,112.55717894749614,832
1883,1883,0,60000,20,3,centralheft,23.72109707358587,1069.8214780187227,832
1885,1885,0,60000,20,3,centralheft,25.67586343006671,1157.9814406960086,832
1884,1884,0,60000,20,0,centralheft,5.938517620857975,108.67487246170094,832
1871,1871,0,60000,20,2,centralheft,66.6165128257067,766.0898974956272,832
1886,1886,0,60000,20,3,centralheft,24.579917050454636,1108.5542589755041,832
1887,1887,0,60000,20,0,centralheft,9.860418318858734,180.44565523511483,832
1882,1882,0,60000,20,1,centralheft,99.83144998155277,2994.943499446583,832
1891,1891,0,60000,20,1,centralheft,100.46287601315865,3013.8862803947595,832
1888,1888,0,60000,20,2,centralheft,65.51997828293679,753.4797502537731,832
1893,1893,0,60000,20,2,centralheft,65.49827006508,753.2301057484201,832
1892,1892,0,60000,20,1,centralheft,100.25065768589387,3007.519730576816,832
1889,1889,0,60000,20,3,centralheft,26.830858918335338,1210.0717372169238,832
1895,1895,0,60000,20,1,centralheft,102.0821993398799,3062.465980196397,832
1897,1897,0,60000,20,1,centralheft,99.9599840903417,2998.799522710251,832
1896,1896,0,60000,20,3,centralheft,26.614439960932675,1200.3112422380636,832
1898,1898,0,60000,20,1,centralheft,100.75877796536176,3022.7633389608527,832
1890,1890,0,60000,20,0,centralheft,8.532740974190798,156.14915982769162,832
1900,1900,0,60000,20,1,centralheft,100.64206894543028,3019.2620683629084,832
1899,1899,0,60000,20,3,centralheft,20.050783647848238,904.2903425179557,832
1901,1901,0,60000,20,0,centralheft,10.329668883670143,189.03294057116364,832
1902,1902,0,60000,20,1,centralheft,99.6509177162326,2989.5275314869778,832
1904,1904,0,60000,20,0,centralheft,9.486163273806516,173.59678791065926,832
1894,1894,0,60000,20,2,centralheft,67.08957441290619,771.5301057484212,832
1907,1907,0,60000,20,2,centralheft,66.57242557233131,765.5828940818101,832
1908,1908,0,60000,20,2,centralheft,66.32037065938921,762.6842625829759,832
1905,1905,0,60000,20,1,centralheft,99.0645261607319,2971.935784821957,832
1909,1909,0,60000,20,2,centralheft,65.64500102942333,754.9175118383682,832
1903,1903,0,60000,20,3,centralheft,25.066582897385832,1130.502888672101,832
1912,1912,0,60000,20,3,centralheft,25.63117206269586,1155.9658600275834,832
1911,1911,0,60000,20,2,centralheft,65.79263261093998,756.6152750258098,832
1906,1906,0,60000,20,0,centralheft,14.795614141613575,270.75973879152843,832
1910,1910,0,60000,20,1,centralheft,97.14531744768446,2914.359523430534,832
1914,1914,0,60000,20,2,centralheft,71.14894135030677,818.2128255285279,832
1913,1913,0,60000,20,3,centralheft,21.761530155014615,981.4450099911592,832
1915,1915,0,60000,20,0,centralheft,3.284604277934625,60.108258286203636,832
1917,1917,0,60000,20,2,centralheft,66.8000531896138,768.2006116805587,832
1916,1916,0,60000,20,1,centralheft,98.53895621534211,2956.1686864602634,832
1921,1921,0,60000,20,1,centralheft,99.94581962194867,2998.37458865846,832
1918,1918,0,60000,20,3,centralheft,21.917644924569704,988.4857860980937,832
1919,1919,0,60000,20,0,centralheft,15.19857335805836,278.133892452468,832
1924,1924,0,60000,20,0,centralheft,15.489045103164601,283.4495253879122,832
1920,1920,0,60000,20,2,centralheft,65.49827006508,753.2301057484201,832
1925,1925,0,60000,20,0,centralheft,15.600181706611027,285.4833252309818,832
1923,1923,0,60000,20,3,centralheft,23.461110428734152,1058.0960803359103,832
1928,1928,0,60000,20,3,centralheft,23.572704791567915,1063.128986099713,832
1922,1922,0,60000,20,1,centralheft,99.0014889287344,2970.044667862032,832
1926,1926,0,60000,20,2,centralheft,65.49827006508,753.2301057484201,832
1931,1931,0,60000,20,2,centralheft,65.7476251623182,756.0976893666593,832
1930,1930,0,60000,20,1,centralheft,98.61438806529071,2958.4316419587212,832
1933,1933,0,60000,20,1,centralheft,98.50294252717285,2955.0882758151856,832
1932,1932,0,60000,20,2,centralheft,66.92435702160172,769.6301057484197,832
1934,1934,0,60000,20,1,centralheft,100.6372304958708,3019.1169148761237,832
1935,1935,0,60000,20,2,centralheft,66.68046637007929,766.8253632559117,832
1936,1936,0,60000,20,1,centralheft,102.68460190956884,3080.5380572870654,832
1938,1938,0,60000,20,1,centralheft,102.49714107866136,3074.9142323598408,832
1929,1929,0,60000,20,3,centralheft,22.266015851200912,1004.1973148891611,832
1939,1939,0,60000,20,1,centralheft,94.59747223480797,2837.924167044239,832
1927,1927,0,60000,20,0,centralheft,4.513069412879289,82.58917025569099,832
1941,1941,0,60000,20,1,centralheft,101.7669379711971,3053.0081391359126,832
1937,1937,0,60000,20,2,centralheft,65.71316832503504,755.701435737903,832
1944,1944,0,60000,20,2,centralheft,65.49827006508,753.2301057484201,832
1942,1942,0,60000,20,0,centralheft,4.376804587364298,80.09552394876664,832
1946,1946,0,60000,20,0,centralheft,4.782231320203537,87.51483315972473,832
1945,1945,0,60000,20,2,centralheft,65.49827006508,753.2301057484201,832
1947,1947,0,60000,20,0,centralheft,4.446060405843838,81.36290542694223,832
1940,1940,0,60000,20,3,centralheft,21.938793287979795,989.4395772878888,832
1943,1943,0,60000,20,1,centralheft,93.1381162129371,2794.143486388113,832
1950,1950,0,60000,20,3,centralheft,19.460327764607875,877.6607821838152,832
1948,1948,0,60000,20,2,centralheft,65.86171486552026,757.409720953483,832
1949,1949,0,60000,20,0,centralheft,4.101956641960364,75.06580654787467,832
1952,1952,0,60000,20,3,centralheft,19.6844529578801,887.7688284003925,832
1954,1954,0,60000,20,0,centralheft,3.9707205659067,72.66418635609261,832
1951,1951,0,60000,20,1,centralheft,93.84027361805936,2815.2082085417806,832
1953,1953,0,60000,20,2,centralheft,65.73567959506292,755.9603153432236,832
1955,1955,0,60000,20,3,centralheft,20.745686710308487,935.6304706349129,832
1956,1956,0,60000,20,0,centralheft,7.505269427767585,137.3464305281468,832
1958,1958,0,60000,20,2,centralheft,65.49827006508,753.2301057484201,832
1957,1957,0,60000,20,1,centralheft,98.49286202468708,2954.7858607406124,832
1959,1959,0,60000,20,3,centralheft,20.850493915608393,940.3572755939385,832
1963,1963,0,60000,20,3,centralheft,21.709639399459068,979.104736915604,832
1962,1962,0,60000,20,1,centralheft,99.69438742272723,2990.831622681817,832
1960,1960,0,60000,20,0,centralheft,3.794895802434812,69.44659318455706,832
1965,1965,0,60000,20,1,centralheft,100.11029996239286,3003.3089988717857,832
1961,1961,0,60000,20,2,centralheft,65.49827006508,753.2301057484201,832
1967,1967,0,60000,20,1,centralheft,100.34510638441516,3010.3531915324547,832
1969,1969,0,60000,20,1,centralheft,100.49334259918209,3014.8002779754624,832
1968,1968,0,60000,20,2,centralheft,65.56976852374235,754.052338023037,832
1971,1971,0,60000,20,2,centralheft,65.49827006508,753.2301057484201,832
1970,1970,0,60000,20,1,centralheft,96.24164272995877,2887.249281898763,832
1973,1973,0,60000,20,1,centralheft,95.85124074927474,2875.5372224782423,832
1964,1964,0,60000,20,3,centralheft,21.09260502648849,951.2764866946309,832
1966,1966,0,60000,20,0,centralheft,15.048376954569514,275.38529826862214,832
1972,1972,0,60000,20,2,centralheft,65.79904994805474,756.6890744026296,832
1975,1975,0,60000,20,3,centralheft,22.46532705715804,1013.1862502778276,832
1976,1976,0,60000,20,0,centralheft,16.58234312203529,303.4568791332458,832
1979,1979,0,60000,20,0,centralheft,16.94073215154097,310.0153983731998,832
1977,1977,0,60000,20,2,centralheft,68.15342906601227,783.7644342591411,832
1978,1978,0,60000,20,3,centralheft,21.0579824550946,949.7150087247664,832
1981,1981,0,60000,20,2,centralheft,65.5580784101656,753.9179017169045,832
1983,1983,0,60000,20,2,centralheft,65.49827006508,753.2301057484201,832
1974,1974,0,60000,20,1,centralheft,98.70174650194149,2961.0523950582447,832
1985,1985,0,60000,20,1,centralheft,98.90088345992292,2967.026503797688,832
1986,1986,0,60000,20,1,centralheft,99.09489757106651,2972.8469271319955,832
1987,1987,0,60000,20,1,centralheft,99.04645347613138,2971.3936042839414,832
1980,1980,0,60000,20,0,centralheft,16.2429983201124,297.2468692580569,832
1988,1988,0,60000,20,1,centralheft,98.93825221055164,2968.1475663165493,832
1990,1990,0,60000,20,1,centralheft,98.64394478130052,2959.3183434390157,832
1989,1989,0,60000,20,0,centralheft,7.788153700099737,142.52321271182518,832
1982,1982,0,60000,20,3,centralheft,20.353616239666728,917.9480924089694,832
1992,1992,0,60000,20,0,centralheft,7.808675574958459,142.8987630217398,832
1994,1994,0,60000,20,0,centralheft,8.261842210173059,151.191712446167,832
1995,1995,0,60000,20,0,centralheft,9.476722641245575,173.424024334794,832
1984,1984,0,60000,20,2,centralheft,65.75592706310145,756.1931612256667,832
1997,1997,0,60000,20,2,centralheft,65.49827006508,753.2301057484201,832
1998,1998,0,60000,20,2,centralheft,66.94675911893596,769.8877298677635,832
1991,1991,0,60000,20,1,centralheft,94.43349208200489,2833.0047624601466,832
1999,1999,0,60000,20,2,centralheft,65.49827006508,753.2301057484201,832
1996,1996,0,60000,20,0,centralheft,8.2414371424931,150.81829970762374,832
1993,1993,0,60000,20,3,centralheft,22.502406093209636,1014.8585148037546,832
2001,2001,0,60000,20,2,centralheft,65.49827006508,753.2301057484201,832
2002,2002,0,60000,20,0,centralheft,18.618798177545127,340.7240066490758,832
2000,2000,0,60000,20,1,centralheft,94.95266493453303,2848.579948035991,832
2003,2003,0,60000,20,3,centralheft,26.75634373317214,1206.7111023660636,832
2007,2007,0,60000,20,3,centralheft,28.717138563793185,1295.1429492270727,832
2004,2004,0,60000,20,2,centralheft,66.506791367603,764.8281007274345,832
2006,2006,0,60000,20,1,centralheft,94.20141713623653,2826.0425140870957,832
2010,2010,0,60000,20,1,centralheft,94.0925100500263,2822.7753015007893,832
2011,2011,0,60000,20,1,centralheft,95.19448490786623,2855.834547235987,832
2012,2012,0,60000,20,1,centralheft,94.95994675270327,2848.7984025810983,832
2008,2008,0,60000,20,3,centralheft,23.30267597379283,1050.9506864180566,832
2013,2013,0,60000,20,1,centralheft,94.73090450136321,2841.9271350408962,832
2015,2015,0,60000,20,1,centralheft,94.92115068399725,2847.6345205199177,832
2016,2016,0,60000,20,1,centralheft,96.14426734387737,2884.3280203163213,832
2014,2014,0,60000,20,3,centralheft,24.95291800313186,1125.376601941247,832
2005,2005,0,60000,20,0,centralheft,4.8335291713077115,88.45358383493112,832
2017,2017,0,60000,20,1,centralheft,95.4816092827934,2864.448278483802,832
2019,2019,0,60000,20,0,centralheft,4.785153644054849,87.56831168620374,832
2021,2021,0,60000,20,0,centralheft,6.081068625989162,111.28355585560166,832
2009,2009,0,60000,20,2,centralheft,65.5081408932625,753.3436202725188,832
2018,2018,0,60000,20,3,centralheft,26.612970725383594,1200.2449797148001,832
2020,2020,0,60000,20,1,centralheft,94.74890045646231,2842.4670136938694,832
2023,2023,0,60000,20,2,centralheft,65.85495925051114,757.3320313808781,832
2024,2024,0,60000,20,3,centralheft,26.502526259498662,1195.2639343033898,832
2027,2027,0,60000,20,3,centralheft,26.755726251459112,1206.683253940806,832
2028,2028,0,60000,20,3,centralheft,26.84428128525137,1210.6770859648368,832
2022,2022,0,60000,20,0,centralheft,10.723882739709895,196.24705413669108,832
2026,2026,0,60000,20,2,centralheft,68.66881380486839,789.6913587559866,832
2029,2029,0,60000,20,3,centralheft,24.93509314378008,1124.5727007844816,832
2025,2025,0,60000,20,1,centralheft,99.06994472240427,2972.0983416721283,832
2030,2030,0,60000,20,0,centralheft,10.634581647853814,194.61284415572482,832
2033,2033,0,60000,20,1,centralheft,99.20635374907161,2976.190612472148,832
2032,2032,0,60000,20,3,centralheft,24.4557350550384,1102.953650982232,832
2035,2035,0,60000,20,1,centralheft,94.87931480354915,2846.3794441064747,832
2036,2036,0,60000,20,3,centralheft,19.83003150684449,894.3344209586867,832
2031,2031,0,60000,20,2,centralheft,67.84609615203654,780.2301057484201,832
2034,2034,0,60000,20,0,centralheft,6.748291661094642,123.49373739803195,832
2038,2038,0,60000,20,3,centralheft,23.40680612319558,1055.6469561561207,832
2040,2040,0,60000,20,0,centralheft,8.520618084496133,155.92731094627925,832
2037,2037,0,60000,20,1,centralheft,94.39570892211911,2831.8712676635732,832
2041,2041,0,60000,20,3,centralheft,23.7077296378147,1069.218606665443,832
2039,2039,0,60000,20,2,centralheft,65.49827006508,753.2301057484201,832
2045,2045,0,60000,20,2,centralheft,65.69972204611416,755.5468035303129,832
2042,2042,0,60000,20,0,centralheft,10.072958355726296,184.33513790979123,832
2046,2046,0,60000,20,2,centralheft,65.81605005457996,756.8845756276696,832
2047,2047,0,60000,20,0,centralheft,9.902453046721307,181.21489075499994,832
2049,2049,0,60000,20,0,centralheft,9.945705713540578,182.0064145577926,832
2044,2044,0,60000,20,3,centralheft,25.777390290767652,1162.5603021136212,832
2050,2050,0,60000,20,0,centralheft,10.504444271175158,192.2313301625054,832
2051,2051,0,60000,20,3,centralheft,25.785220541400893,1162.9134464171802,832
2053,2053,0,60000,20,3,centralheft,25.877486280087616,1167.0746312319516,832
2052,2052,0,60000,20,0,centralheft,10.152465505473385,185.79011875016295,832
2043,2043,0,60000,20,1,centralheft,97.36750562888956,2921.0251688666867,832
2056,2056,0,60000,20,1,centralheft,97.5056549235221,2925.169647705663,832
2055,2055,0,60000,20,0,centralheft,10.126764162476697,185.31978417332357,832
2057,2057,0,60000,20,1,centralheft,97.58249379975175,2927.4748139925523,832
2059,2059,0,60000,20,1,centralheft,98.91056714196426,2967.317014258928,832
2054,2054,0,60000,20,3,centralheft,27.204226668746397,1226.9106227604625,832
2048,2048,0,60000,20,2,centralheft,66.31062712455099,762.5722119323364,832
2062,2062,0,60000,20,2,centralheft,66.96287364305111,770.0730468950878,832
2058,2058,0,60000,20,0,centralheft,11.771263408525833,215.41412037602277,832
2060,2060,0,60000,20,1,centralheft,98.66694356531825,2960.0083069595476,832
2064,2064,0,60000,20,0,centralheft,6.214108999975294,113.7181946995479,832
2061,2061,0,60000,20,3,centralheft,21.331897988069546,962.0685992619365,832
2065,2065,0,60000,20,1,centralheft,98.56915485695791,2957.074645708737,832
2067,2067,0,60000,20,3,centralheft,22.44597256933552,1012.313362877032,832
2066,2066,0,60000,20,0,centralheft,7.293461355518639,133.4703428059911,832
2070,2070,0,60000,20,0,centralheft,7.6436112036627675,139.87808502702865,832
2069,2069,0,60000,20,3,centralheft,22.322949900029514,1006.7650404913311,832
2068,2068,0,60000,20,1,centralheft,98.36755190953735,2951.026557286121,832
2063,2063,0,60000,20,2,centralheft,65.63054620657267,754.7512813755857,832
2072,2072,0,60000,20,3,centralheft,23.73508822520162,1070.452478956593,832
2073,2073,0,60000,20,1,centralheft,98.08168704128026,2942.450611238408,832
2076,2076,0,60000,20,1,centralheft,97.95671605115847,2938.701481534754,832
2074,2074,0,60000,20,2,centralheft,65.49827006508,753.2301057484201,832
2071,2071,0,60000,20,0,centralheft,8.382114683734104,153.3926987123341,832
2078,2078,0,60000,20,2,centralheft,65.8336233586532,757.0866686245117,832
2075,2075,0,60000,20,3,centralheft,21.876544250880197,986.6321457146969,832
2081,2081,0,60000,20,3,centralheft,22.745655572638046,1025.8290663259759,832
2082,2082,0,60000,20,3,centralheft,22.311112961282895,1006.2311945538586,832
2079,2079,0,60000,20,0,centralheft,9.178951356803696,167.97480982950765,832
2077,2077,0,60000,20,1,centralheft,94.52925036916767,2835.8775110750303,832
2080,2080,0,60000,20,2,centralheft,65.49827006508,753.2301057484201,832
2085,2085,0,60000,20,1,centralheft,95.09889176192276,2852.966752857683,832
2084,2084,0,60000,20,0,centralheft,9.216559125825917,168.66303200261427,832
2083,2083,0,60000,20,3,centralheft,21.69968247657432,978.655679693502,832
2086,2086,0,60000,20,2,centralheft,66.66065869488264,766.5975749911504,832
2088,2088,0,60000,20,0,centralheft,8.846116840584509,161.8839381826965,832
2087,2087,0,60000,20,1,centralheft,96.62187097466048,2898.6561292398146,832
2090,2090,0,60000,20,2,centralheft,65.49827006508,753.2301057484201,832
2092,2092,0,60000,20,1,centralheft,98.69168147450509,2960.750444235153,832
2094,2094,0,60000,20,1,centralheft,98.39967782555135,2951.9903347665404,832
2089,2089,0,60000,20,3,centralheft,24.3404619371404,1097.754833365032,832
2093,2093,0,60000,20,2,centralheft,65.49827006508,753.2301057484201,832
2091,2091,0,60000,20,0,centralheft,10.106261695361498,184.94458902511542,832
2096,2096,0,60000,20,3,centralheft,20.605344339359938,929.3010297051333,832
2098,2098,0,60000,20,0,centralheft,6.926706938034751,126.75873696603594,832
2097,2097,0,60000,20,2,centralheft,68.46423729097407,787.3387288462018,832
2099,2099,0,60000,20,3,centralheft,21.535921578144507,971.2700631743173,832
2095,2095,0,60000,20,1,centralheft,94.35959777911248,2830.7879333733745,832
2101,2101,0,60000,20,2,centralheft,65.49827006508,753.2301057484201,832
2104,2104,0,60000,20,2,centralheft,65.87885381060708,757.6068188219815,832
2102,2102,0,60000,20,3,centralheft,20.946456684810787,944.6851964849666,832
2100,2100,0,60000,20,0,centralheft,8.671652253599317,158.6912362408675,832
2107,2107,0,60000,20,0,centralheft,9.028696710013675,165.22514979325024,832
2105,2105,0,60000,20,2,centralheft,65.49827006508,753.2301057484201,832
2108,2108,0,60000,20,0,centralheft,9.455508533667809,173.0358061661209,832
2103,2103,0,60000,20,1,centralheft,93.66320081729143,2809.8960245187427,832
2111,2111,0,60000,20,1,centralheft,93.35414648495225,2800.6243945485676,832
2112,2112,0,60000,20,1,centralheft,93.45421682842067,2803.62650485262,832
2110,2110,0,60000,20,0,centralheft,9.929123502299033,181.70296009207232,832
2114,2114,0,60000,20,0,centralheft,10.378036319491569,189.9180646466957,832
2109,2109,0,60000,20,2,centralheft,65.49827006508,753.2301057484201,832
2113,2113,0,60000,20,1,centralheft,97.69477821181638,2930.8433463544916,832
2117,2117,0,60000,20,1,centralheft,98.05781442911471,2941.7344328734416,832
2116,2116,0,60000,20,2,centralheft,65.49827006508,753.2301057484201,832
2106,2106,0,60000,20,3,centralheft,22.135540291676076,998.312867154591,832
2119,2119,0,60000,20,2,centralheft,65.49827006508,753.2301057484201,832
2121,2121,0,60000,20,2,centralheft,65.49827006508,753.2301057484201,832
2118,2118,0,60000,20,1,centralheft,94.53044610200475,2835.913383060142,832
2120,2120,0,60000,20,3,centralheft,23.50481722931601,1060.067257042152,832
2124,2124,0,60000,20,3,centralheft,22.6053369959476,1019.5006985172367,832
2125,2125,0,60000,20,3,centralheft,23.215383843028288,1047.0138113205758,832
2126,2126,0,60000,20,3,centralheft,22.488355371688822,1014.2248272631659,832
2115,2115,0,60000,20,0,centralheft,12.098310603819026,221.3990840498882,832
2128,2128,0,60000,20,0,centralheft,12.617232208883793,230.89534942257342,832
2122,2122,0,60000,20,2,centralheft,65.49827006508,753.2301057484201,832
2130,2130,0,60000,20,2,centralheft,65.49827006508,753.2301057484201,832
2131,2131,0,60000,20,2,centralheft,65.56528460237946,754.0007729273639,832
2127,2127,0,60000,20,3,centralheft,22.176817544887086,1000.1744712744076,832
2133,2133,0,60000,20,3,centralheft,22.228018484843606,1002.4836336664466,832
2132,2132,0,60000,20,2,centralheft,65.49827006508,753.2301057484201,832
2134,2134,0,60000,20,3,centralheft,22.17809422830325,1000.2320496964767,832
2123,2123,0,60000,20,1,centralheft,95.16124074166237,2854.837222249871,832
2137,2137,0,60000,20,1,centralheft,95.6414078970313,2869.242236910939,832
2129,2129,0,60000,20,0,centralheft,7.534754518217526,137.88600768338074,832
2138,2138,0,60000,20,1,centralheft,96.36591851513991,2890.9775554541975,832
2135,2135,0,60000,20,2,centralheft,67.37653093464526,774.8301057484205,832
2139,2139,0,60000,20,0,centralheft,5.612444646287228,102.70773702705628,832
2136,2136,0,60000,20,3,centralheft,24.013528814326076,1083.010149526106,832
2140,2140,0,60000,20,1,centralheft,95.31217944287182,2859.3653832861546,832
2141,2141,0,60000,20,2,centralheft,65.49827006508,753.2301057484201,832
2144,2144,0,60000,20,1,centralheft,95.20484125105267,2856.1452375315803,832
2145,2145,0,60000,20,2,centralheft,65.49827006508,753.2301057484201,832
2147,2147,0,60000,20,2,centralheft,65.49827006508,753.2301057484201,832
2142,2142,0,60000,20,0,centralheft,4.037548347128964,73.88713475246004,832
2143,2143,0,60000,20,3,centralheft,20.07608664050617,905.4315074868282,832
2149,2149,0,60000,20,0,centralheft,4.5753370051795565,83.72866719478588,832
2146,2146,0,60000,20,1,centralheft,94.12628987497507,2823.788696249252,832
2150,2150,0,60000,20,3,centralheft,20.568203481201667,927.6259770021952,832
2152,2152,0,60000,20,1,centralheft,94.7343237341683,2842.029712025049,832
2148,2148,0,60000,20,2,centralheft,65.49827006508,753.2301057484201,832
2151,2151,0,60000,20,0,centralheft,4.073187925214121,74.53933903141842,832
2153,2153,0,60000,20,3,centralheft,22.931196576322762,1034.1969655921566,832
2157,2157,0,60000,20,3,centralheft,23.078280976987703,1040.8304720621454,832
2155,2155,0,60000,20,2,centralheft,65.70923854587787,755.6562432775954,832
2159,2159,0,60000,20,2,centralheft,65.49827006508,753.2301057484201,832
2156,2156,0,60000,20,0,centralheft,8.953909384106767,163.85654172915383,832
2154,2154,0,60000,20,1,centralheft,95.31926459905723,2859.577937971717,832
2161,2161,0,60000,20,0,centralheft,9.321424583150607,170.58206987165613,832
2162,2162,0,60000,20,1,centralheft,96.28200854393617,2888.460256318085,832
2160,2160,0,60000,20,2,centralheft,65.49827006508,753.2301057484201,832
2164,2164,0,60000,20,1,centralheft,96.35865920551198,2890.7597761653597,832
2163,2163,0,60000,20,0,centralheft,12.435444415340264,227.56863280072685,832
2158,2158,0,60000,20,3,centralheft,22.743177024897797,1025.7172838228907,832
2167,2167,0,60000,20,0,centralheft,3.16135156206437,57.85273358577797,832
2166,2166,0,60000,20,1,centralheft,97.12230105002976,2913.6690315008927,832
2169,2169,0,60000,20,0,centralheft,3.420589503314614,62.59678791065744,832
2165,2165,0,60000,20,2,centralheft,65.49827006508,753.2301057484201,832
2168,2168,0,60000,20,3,centralheft,25.750283242800965,1161.3377742503235,832
2173,2173,0,60000,20,3,centralheft,25.262370929908613,1139.3329289388785,832
2171,2171,0,60000,20,0,centralheft,5.82633378682171,106.6219082988373,832
2175,2175,0,60000,20,0,centralheft,6.209943729148709,113.64197024342138,832
2176,2176,0,60000,20,0,centralheft,6.496848091734594,118.89232007874307,832
2172,2172,0,60000,20,2,centralheft,65.49827006508,753.2301057484201,832
2174,2174,0,60000,20,3,centralheft,23.84531638763538,1075.4237690823556,832
2178,2178,0,60000,20,2,centralheft,65.49827006508,753.2301057484201,832
2180,2180,0,60000,20,2,centralheft,65.66715641528144,755.1722987757366,832
2177,2177,0,60000,20,0,centralheft,10.329141406991418,189.02328774794296,832
2181,2181,0,60000,20,2,centralheft,65.56686881674645,754.0189913925842,832
2183,2183,0,60000,20,2,centralheft,65.49827006508,753.2301057484201,832
2179,2179,0,60000,20,3,centralheft,26.677624817590413,1203.1608792733277,832
2185,2185,0,60000,20,3,centralheft,28.483017738924257,1284.584100025484,832
2170,2170,0,60000,20,1,centralheft,95.07156951092693,2852.147085327808,832
2187,2187,0,60000,20,1,centralheft,94.56413843905436,2836.9241531716307,832
2186,2186,0,60000,20,3,centralheft,29.33711570280953,1323.1039181967099,832
2182,2182,0,60000,20,0,centralheft,13.493520918204151,246.93143280313598,832
2184,2184,0,60000,20,2,centralheft,65.89827006508004,757.8301057484205,832
2190,2190,0,60000,20,0,centralheft,13.305961168089842,243.49908937604414,832
2191,2191,0,60000,20,2,centralheft,65.49827006508,753.2301057484201,832
2188,2188,0,60000,20,1,centralheft,95.00597104477784,2850.179131343335,832
2189,2189,0,60000,20,3,centralheft,28.794071758251622,1298.6126362971481,832
2193,2193,0,60000,20,2,centralheft,65.70036464717724,755.5541934425382,832
2195,2195,0,60000,20,3,centralheft,24.048037877757707,1084.5665082868727,832
2194,2194,0,60000,20,1,centralheft,94.46017675261058,2833.8053025783174,832
2192,2192,0,60000,20,0,centralheft,6.415066546985736,117.39571780983897,832
2197,2197,0,60000,20,3,centralheft,24.28951039369028,1095.4569187554316,832
2198,2198,0,60000,20,1,centralheft,94.07708137666863,2822.3124413000587,832
2199,2199,0,60000,20,0,centralheft,9.860270198465424,180.44294463191727,832
2202,2202,0,60000,20,0,centralheft,3.2602277005990983,59.6621669209635,832
2200,2200,0,60000,20,3,centralheft,22.14454095440477,998.7187970436553,832
2201,2201,0,60000,20,1,centralheft,94.0495304683891,2821.485914051673,832
2203,2203,0,60000,20,0,centralheft,9.202093445183975,168.39831004686675,832
2206,2206,0,60000,20,0,centralheft,10.05188845846498,183.94955878990913,832
2205,2205,0,60000,20,1,centralheft,96.09151291085904,2882.745387325771,832
2207,2207,0,60000,20,0,centralheft,11.306053984189035,206.90078791065935,832
2209,2209,0,60000,20,0,centralheft,3.537371253187402,64.73389393332945,832
2208,2208,0,60000,20,1,centralheft,96.29510168145814,2888.853050443744,832
2196,2196,0,60000,20,2,centralheft,65.66484619215075,755.1457312097336,832
2210,2210,0,60000,20,0,centralheft,3.7055857500646727,67.81221922618352,832
2213,2213,0,60000,20,0,centralheft,5.763022529504691,105.46331228993586,832
2204,2204,0,60000,20,3,centralheft,19.895500318662034,897.2870643716578,832
2211,2211,0,60000,20,1,centralheft,97.06717464480244,2912.015239344073,832
2214,2214,0,60000,20,0,centralheft,5.813742845017815,106.39149406382603,832
2216,2216,0,60000,20,1,centralheft,96.95618002770952,2908.6854008312857,832
2215,2215,0,60000,20,3,centralheft,27.449268982188755,1237.962031096713,832
2212,2212,0,60000,20,2,centralheft,65.49827006508,753.2301057484201,832
2220,2220,0,60000,20,2,centralheft,65.49827006508,753.2301057484201,832
2221,2221,0,60000,20,2,centralheft,66.09827006507997,760.1301057484197,832
2222,2222,0,60000,20,2,centralheft,65.81912690930197,756.9199594569727,832
2217,2217,0,60000,20,0,centralheft,13.70610012189716,250.82163223071802,832
2218,2218,0,60000,20,1,centralheft,95.15965351789959,2854.7896055369874,832
2225,2225,0,60000,20,1,centralheft,95.60638798500665,2868.1916395501994,832
2223,2223,0,60000,20,2,centralheft,66.6836171892227,766.8615976760611,832
2224,2224,0,60000,20,0,centralheft,8.84782653581363,161.91522560538942,832
2227,2227,0,60000,20,2,centralheft,65.49827006508,753.2301057484201,832
2228,2228,0,60000,20,0,centralheft,10.69900597081491,195.7918092659129,832
2230,2230,0,60000,20,0,centralheft,12.136766880501781,222.10283391318262,832
2226,2226,0,60000,20,1,centralheft,93.41751315577234,2802.52539467317,832
2231,2231,0,60000,20,0,centralheft,4.143791959806867,75.83139286446567,832
2232,2232,0,60000,20,1,centralheft,94.49661701962674,2834.8985105888023,832
2229,2229,0,60000,20,2,centralheft,65.57300001015044,754.08950011673,832
2219,2219,0,60000,20,3,centralheft,31.490976563750145,1420.2430430251316,832
2234,2234,0,60000,20,1,centralheft,94.26544574354266,2827.96337230628,832
2237,2237,0,60000,20,1,centralheft,93.94094127324848,2818.2282381974546,832
2235,2235,0,60000,20,2,centralheft,65.49827006508,753.2301057484201,832
2238,2238,0,60000,20,1,centralheft,95.0048330509196,2850.144991527588,832
2236,2236,0,60000,20,3,centralheft,27.86348569147891,1256.643204685699,832
2239,2239,0,60000,20,2,centralheft,66.32435702160174,762.7301057484201,832
2240,2240,0,60000,20,1,centralheft,95.89403234007314,2876.820970202194,832
2243,2243,0,60000,20,1,centralheft,95.37381513262832,2861.2144539788496,832
2233,2233,0,60000,20,0,centralheft,9.524974811555808,174.3070390514713,832
2241,2241,0,60000,20,3,centralheft,23.59494680414243,1064.1321008668237,832
2246,2246,0,60000,20,3,centralheft,22.484977763435094,1014.0724971309228,832
2245,2245,0,60000,20,0,centralheft,9.08582459541048,166.2705900960118,832
2247,2247,0,60000,20,3,centralheft,24.50267943921397,1105.0708427085501,832
2242,2242,0,60000,20,2,centralheft,65.82641468573179,757.0037688859156,832
2250,2250,0,60000,20,2,centralheft,65.49827006508,753.2301057484201,832
2249,2249,0,60000,20,3,centralheft,26.07680529189555,1176.0639186644894,832
2244,2244,0,60000,20,1,centralheft,93.97750186298823,2819.325055889647,832
2252,2252,0,60000,20,3,centralheft,24.160903649955067,1089.6567546129736,832
2254,2254,0,60000,20,3,centralheft,24.888010367544556,1122.4492675762594,832
2248,2248,0,60000,20,0,centralheft,5.6432292275680025,103.27109486449444,832
2256,2256,0,60000,20,0,centralheft,6.883907467648091,125.97550665796007,832
2255,2255,0,60000,20,3,centralheft,19.190275594890313,865.4814293295531,832
2253,2253,0,60000,20,1,centralheft,94.38708531508006,2831.612559452402,832
2259,2259,0,60000,20,1,centralheft,97.95768992584557,2938.730697775367,832
2251,2251,0,60000,20,2,centralheft,65.49827006508,753.2301057484201,832
2258,2258,0,60000,20,3,centralheft,25.76096555912571,1161.8195467165697,832
2257,2257,0,60000,20,0,centralheft,9.838188227255317,180.03884455877233,832
2261,2261,0,60000,20,2,centralheft,65.57383133366174,754.0990603371101,832
2263,2263,0,60000,20,0,centralheft,10.074919935761967,184.371034824444,832
2262,2262,0,60000,20,3,centralheft,25.748852753747517,1161.273259194013,832
2260,2260,0,60000,20,1,centralheft,96.89778599827254,2906.933579948176,832
2264,2264,0,60000,20,2,centralheft,65.56573244198317,754.0059230828065,832
2266,2266,0,60000,20,3,centralheft,24.37821807489384,1099.4576351777123,832
2267,2267,0,60000,20,1,centralheft,96.27028006737183,2888.1084020211547,832
2269,2269,0,60000,20,3,centralheft,24.139500378843024,1088.6914670858205,832
2270,2270,0,60000,20,1,centralheft,95.86382990222016,2875.9148970666047,832
2272,2272,0,60000,20,1,centralheft,97.20441390623552,2916.1324171870656,832
2271,2271,0,60000,20,3,centralheft,23.59004917621154,1063.9112178471405,832
2265,2265,0,60000,20,0,centralheft,8.922948259812268,163.2899531545645,832
2274,2274,0,60000,20,3,centralheft,22.978793724051904,1036.3435969547409,832
2268,2268,0,60000,20,2,centralheft,67.54743713823842,776.7955270897419,832
2276,2276,0,60000,20,3,centralheft,22.749001512645698,1025.979968220321,832
2277,2277,0,60000,20,2,centralheft,65.79906707402267,756.6892713512607,832
2278,2278,0,60000,20,3,centralheft,22.52953065247168,1016.0818324264728,832
2273,2273,0,60000,20,1,centralheft,96.56511867407504,2896.9535602222513,832
2280,2280,0,60000,20,3,centralheft,21.926308203382682,988.876499972559,832
2282,2282,0,60000,20,3,centralheft,19.46951092126953,878.0749425492559,832
2281,2281,0,60000,20,1,centralheft,96.85198791232591,2905.559637369777,832
2283,2283,0,60000,20,3,centralheft,20.763974110534456,936.455232385104,832
2285,2285,0,60000,20,3,centralheft,22.587240865100192,1018.6845630160187,832
2284,2284,0,60000,20,1,centralheft,96.87883867430877,2906.365160229263,832
2287,2287,0,60000,20,1,centralheft,96.53252894258755,2895.9758682776264,832
2275,2275,0,60000,20,0,centralheft,9.13929123040898,167.24902951648437,832
2288,2288,0,60000,20,1,centralheft,96.3833484294369,2891.500452883107,832
2290,2290,0,60000,20,1,centralheft,96.23808599391323,2887.142579817397,832
2289,2289,0,60000,20,0,centralheft,14.194109720328775,259.7522078820166,832
2291,2291,0,60000,20,1,centralheft,96.04108716475524,2881.232614942657,832
2279,2279,0,60000,20,2,centralheft,65.49827006508,753.2301057484201,832
2293,2293,0,60000,20,1,centralheft,97.33986206177984,2920.1958618533954,832
2295,2295,0,60000,20,1,centralheft,95.14083934313318,2854.2251802939954,832
2292,2292,0,60000,20,0,centralheft,16.16829622016925,295.8798208290973,832
2294,2294,0,60000,20,2,centralheft,65.65222152119753,755.0005474937716,832
2296,2296,0,60000,20,1,centralheft,95.03633883185375,2851.0901649556126,832
2286,2286,0,60000,20,3,centralheft,21.547165617039173,971.7771693284667,832
2297,2297,0,60000,20,0,centralheft,4.240739802327204,77.60553838258784,832
2298,2298,0,60000,20,2,centralheft,65.49827006508,753.2301057484201,832
2302,2302,0,60000,20,2,centralheft,65.51229806969866,753.3914278015345,832
2303,2303,0,60000,20,2,centralheft,65.49827006508,753.2301057484201,832
2301,2301,0,60000,20,0,centralheft,6.370334192874832,116.57711572960943,832
2304,2304,0,60000,20,2,centralheft,65.49827006508,753.2301057484201,832
2299,2299,0,60000,20,1,centralheft,96.77328073617197,2903.198422085159,832
2307,2307,0,60000,20,1,centralheft,96.69293427978792,2900.7880283936374,832
2300,2300,0,60000,20,3,centralheft,19.569592041935454,882.5886010912891,832
2305,2305,0,60000,20,0,centralheft,9.032030669001317,165.28616124272412,832
2310,2310,0,60000,20,0,centralheft,9.729509519511339,178.0500242070575,832
2309,2309,0,60000,20,3,centralheft,20.238150090574823,912.7405690849246,832
2308,2308,0,60000,20,1,centralheft,96.17199128764145,2885.1597386292433,832
2313,2313,0,60000,20,1,centralheft,95.75890942697842,2872.7672828093528,832
2311,2311,0,60000,20,0,centralheft,11.711193141312872,214.31483448602557,832
2315,2315,0,60000,20,0,centralheft,9.978122886836278,182.5996488291039,832
2316,2316,0,60000,20,0,centralheft,10.35615000059354,189.5175450108618,832
2314,2314,0,60000,20,1,centralheft,94.48591641873003,2834.5774925619007,832
2306,2306,0,60000,20,2,centralheft,65.49827006508,753.2301057484201,832
2319,2319,0,60000,20,2,centralheft,65.86348745638442,757.4301057484208,832
2312,2312,0,60000,20,3,centralheft,19.794900497621903,892.7500124427479,832
2317,2317,0,60000,20,0,centralheft,12.070331640902747,220.88706902852027,832
2322,2322,0,60000,20,0,centralheft,13.071543199933583,239.2092405587846,832
2323,2323,0,60000,20,0,centralheft,11.220239046543,205.3303745517369,832
2320,2320,0,60000,20,2,centralheft,65.66009824410835,755.091129807246,832
2318,2318,0,60000,20,1,centralheft,93.6457656279547,2809.372968838641,832
2324,2324,0,60000,20,0,centralheft,12.139628350004052,222.15519880507418,832
2327,2327,0,60000,20,0,centralheft,15.834676625389243,289.77458224462316,832
2328,2328,0,60000,20,0,centralheft,12.557160747490075,229.79604167906837,832
2325,2325,0,60000,20,2,centralheft,67.19559707898351,772.7493664083104,832
2329,2329,0,60000,20,0,centralheft,12.706007172126618,232.51993124991714,832
2330,2330,0,60000,20,2,centralheft,69.82142037183867,802.9463342761446,832
2321,2321,0,60000,20,3,centralheft,25.70828967058974,1159.4438641435972,832
2332,2332,0,60000,20,2,centralheft,65.49827006508,753.2301057484201,832
2334,2334,0,60000,20,2,centralheft,69.06888839191443,794.2922165070158,832
2333,2333,0,60000,20,3,centralheft,23.34263279740954,1052.7527391631702,832
2336,2336,0,60000,20,3,centralheft,25.10678755496111,1132.316118728746,832
2335,2335,0,60000,20,2,centralheft,67.35047821711471,774.5304994968192,832
2331,2331,0,60000,20,0,centralheft,7.913822940164641,144.82295980501294,832
2326,2326,0,60000,20,1,centralheft,92.14874914484571,2764.4624743453714,832
2340,2340,0,60000,20,1,centralheft,92.05961091991436,2761.788327597431,832
2337,2337,0,60000,20,3,centralheft,24.867823854139086,1121.5388558216728,832
2338,2338,0,60000,20,2,centralheft,65.49827006508,753.2301057484201,832
2343,2343,0,60000,20,2,centralheft,65.89827006508004,757.8301057484205,832
2342,2342,0,60000,20,3,centralheft,21.719672201404183,979.5572162833287,832
2341,2341,0,60000,20,1,centralheft,91.32239018225089,2739.6717054675264,832
2346,2346,0,60000,20,1,centralheft,91.4034397145578,2742.103191436734,832
2347,2347,0,60000,20,1,centralheft,94.96125721695334,2848.8377165086004,832
2345,2345,0,60000,20,3,centralheft,20.04503885130642,904.0312521939195,832
2339,2339,0,60000,20,0,centralheft,5.939372096005083,108.69050935689302,832
2344,2344,0,60000,20,2,centralheft,65.49827006508,753.2301057484201,832
2349,2349,0,60000,20,3,centralheft,20.85330875365736,940.4842247899469,832
2350,2350,0,60000,20,0,centralheft,4.886993793032539,89.43198641249546,832
2352,2352,0,60000,20,3,centralheft,22.883507763088833,1032.0462001153064,832
2351,2351,0,60000,20,2,centralheft,65.49827006508,753.2301057484201,832
2354,2354,0,60000,20,3,centralheft,25.965458404606924,1171.0421740477723,832
2353,2353,0,60000,20,0,centralheft,28.621016843199804,523.7646082305564,832
2355,2355,0,60000,20,2,centralheft,65.49827006508,753.2301057484201,832
2358,2358,0,60000,20,2,centralheft,65.49827006508,753.2301057484201,832
2359,2359,0,60000,20,2,centralheft,65.49827006508,753.2301057484201,832
2360,2360,0,60000,20,2,centralheft,67.03740049986268,770.9301057484208,832
2357,2357,0,60000,20,0,centralheft,3.4811954202026145,63.70587618970785,832
2361,2361,0,60000,20,2,centralheft,66.86353961143116,768.9307055314584,832
2348,2348,0,60000,20,1,centralheft,91.33310224523866,2739.99306735716,832
2363,2363,0,60000,20,2,centralheft,66.2587482887926,761.9756053211149,832
2362,2362,0,60000,20,0,centralheft,5.419852256216402,99.18329628876018,832
2365,2365,0,60000,20,2,centralheft,66.09827006507997,760.1301057484197,832
2367,2367,0,60000,20,2,centralheft,66.08111866348902,759.9328646301237,832
2368,2368,0,60000,20,2,centralheft,65.49827006508,753.2301057484201,832
2369,2369,0,60000,20,2,centralheft,66.32435702160174,762.7301057484201,832
2366,2366,0,60000,20,0,centralheft,8.977966552494982,164.29678791065817,832
2356,2356,0,60000,20,3,centralheft,27.4799917943158,1239.3476299236427,832
2370,2370,0,60000,20,2,centralheft,65.74538000769067,756.0718700884427,832
2372,2372,0,60000,20,3,centralheft,27.66591944385321,1247.7329669177798,832
2374,2374,0,60000,20,3,centralheft,28.22538833125592,1272.965013739642,832
2375,2375,0,60000,20,3,centralheft,26.34537846012425,1188.1765685516039,832
2373,2373,0,60000,20,2,centralheft,66.03873694860602,759.4454749089691,832
2371,2371,0,60000,20,0,centralheft,4.463841572426054,81.68830077539678,832
2376,2376,0,60000,20,3,centralheft,26.5954185299239,1199.453375699568,832
2379,2379,0,60000,20,3,centralheft,26.712417321389204,1204.730021194653,832
2377,2377,0,60000,20,2,centralheft,65.87927828729674,757.6117003039126,832
2380,2380,0,60000,20,3,centralheft,27.09698808548516,1222.0741626553809,832
2378,2378,0,60000,20,0,centralheft,5.743259416257651,105.10164731751502,832
2364,2364,0,60000,20,1,centralheft,92.92162363197652,2787.6487089592956,832
2381,2381,0,60000,20,2,centralheft,65.89827006508004,757.8301057484205,832
2384,2384,0,60000,20,1,centralheft,98.88446513440825,2966.5339540322475,832
2385,2385,0,60000,20,2,centralheft,67.08767741478717,771.5082902700524,832
2383,2383,0,60000,20,0,centralheft,7.271885127288467,133.07549782937895,832
2387,2387,0,60000,20,2,centralheft,66.85786326754074,768.8654275767185,832
2382,2382,0,60000,20,3,centralheft,26.667706409454187,1202.7135590663838,832
2390,2390,0,60000,20,3,centralheft,25.868167474791232,1166.6543531130847,832
2391,2391,0,60000,20,3,centralheft,26.567501469659838,1198.1943162816588,832
2386,2386,0,60000,20,1,centralheft,97.63752415867263,2929.125724760179,832
2388,2388,0,60000,20,0,centralheft,13.586527653020868,248.6334560502819,832
2392,2392,0,60000,20,3,centralheft,24.274296652857405,1094.770779043869,832
2393,2393,0,60000,20,1,centralheft,97.50123116625097,2925.036934987529,832
2395,2395,0,60000,20,3,centralheft,23.69983935684727,1068.862754993812,832
2396,2396,0,60000,20,1,centralheft,97.62208510369261,2928.6625531107784,832
2398,2398,0,60000,20,1,centralheft,97.52480307599302,2925.7440922797905,832
2397,2397,0,60000,20,3,centralheft,23.80716499115693,1073.7031411011776,832
2400,2400,0,60000,20,3,centralheft,24.10619554059682,1087.1894188809165,832
2399,2399,0,60000,20,1,centralheft,98.70693033508378,2961.2079100525134,832
2402,2402,0,60000,20,1,centralheft,98.63616824528823,2959.085047358647,832
2389,2389,0,60000,20,2,centralheft,65.49827006508,753.2301057484201,832
2394,2394,0,60000,20,0,centralheft,14.620290131159756,267.55130940022354,832
2405,2405,0,60000,20,0,centralheft,15.1061101946708,276.44181656247565,832
2404,2404,0,60000,20,2,centralheft,65.49827006508,753.2301057484201,832
2406,2406,0,60000,20,0,centralheft,15.498250795702258,283.61798956135135,832
2403,2403,0,60000,20,1,centralheft,98.772175686496,2963.16527059488,832
2409,2409,0,60000,20,1,centralheft,98.73468941746906,2962.0406825240716,832
2410,2410,0,60000,20,1,centralheft,94.63189281869285,2838.9567845607853,832
2401,2401,0,60000,20,3,centralheft,23.49050599413359,1059.4218203354249,832
2411,2411,0,60000,20,1,centralheft,97.49308267825897,2924.792480347769,832
2407,2407,0,60000,20,2,centralheft,65.49827006508,753.2301057484201,832
2413,2413,0,60000,20,1,centralheft,94.95248229585141,2848.574468875542,832
2415,2415,0,60000,20,1,centralheft,89.537844020337,2686.1353206101103,832
2408,2408,0,60000,20,0,centralheft,11.945175000494853,218.59670250905583,832
2416,2416,0,60000,20,1,centralheft,89.34022346057482,2680.2067038172445,832
2414,2414,0,60000,20,2,centralheft,65.49827006508,753.2301057484201,832
2419,2419,0,60000,20,2,centralheft,65.49827006508,753.2301057484201,832
2420,2420,0,60000,20,2,centralheft,65.49827006508,753.2301057484201,832
2417,2417,0,60000,20,0,centralheft,8.219641508101114,150.4194395982504,832
2418,2418,0,60000,20,1,centralheft,89.66755311991146,2690.026593597344,832
2423,2423,0,60000,20,1,centralheft,89.5823854624455,2687.471563873365,832
2421,2421,0,60000,20,2,centralheft,65.64268737825525,754.8909048499354,832
2412,2412,0,60000,20,3,centralheft,19.357563418711884,873.026110183906,832
2425,2425,0,60000,20,2,centralheft,65.54870882296841,753.8101514641367,832
2424,2424,0,60000,20,1,centralheft,88.59659775289335,2657.8979325868004,832
2426,2426,0,60000,20,3,centralheft,23.51465808712211,1060.5110797292073,832
2422,2422,0,60000,20,0,centralheft,9.694108244611876,177.40218087639732,832
2428,2428,0,60000,20,1,centralheft,94.35591701910337,2830.6775105731012,832
2427,2427,0,60000,20,2,centralheft,66.32435702160174,762.7301057484201,832
2431,2431,0,60000,20,1,centralheft,94.08651012750985,2822.5953038252956,832
2429,2429,0,60000,20,3,centralheft,24.920798891391893,1123.9280300017745,832
2434,2434,0,60000,20,3,centralheft,20.164860055808987,909.4351885169854,832
2432,2432,0,60000,20,2,centralheft,65.49827006508,753.2301057484201,832
2435,2435,0,60000,20,3,centralheft,23.97637330311148,1081.3344359703278,832
2430,2430,0,60000,20,0,centralheft,6.587112616168463,120.54416087588288,832
2436,2436,0,60000,20,2,centralheft,65.74542871569808,756.072430230528,832
2433,2433,0,60000,20,1,centralheft,96.15024475337874,2884.5073426013623,832
2440,2440,0,60000,20,1,centralheft,96.03913731971777,2881.174119591533,832
2438,2438,0,60000,20,0,centralheft,8.667161076986194,158.60904770884736,832
2437,2437,0,60000,20,3,centralheft,20.118619149060056,907.3497236226085,832
2439,2439,0,60000,20,2,centralheft,65.49827006508,753.2301057484201,832
2444,2444,0,60000,20,2,centralheft,65.62382958395503,754.6740402154828,832
2445,2445,0,60000,20,2,centralheft,66.20026247276378,761.3030184367835,832
2443,2443,0,60000,20,3,centralheft,20.626999582845162,930.2776811863168,832
2442,2442,0,60000,20,0,centralheft,8.638490833502962,158.0843822531042,832
2441,2441,0,60000,20,1,centralheft,95.65567063411969,2869.670119023591,832
2447,2447,0,60000,20,3,centralheft,24.54126648512065,1106.8111184789414,832
2446,2446,0,60000,20,2,centralheft,66.97145897176107,770.1717781752523,832
2451,2451,0,60000,20,2,centralheft,66.86469062745812,768.9439422157684,832
2452,2452,0,60000,20,2,centralheft,66.09827006507997,760.1301057484197,832
2453,2453,0,60000,20,2,centralheft,66.08462705770644,759.973211163624,832
2448,2448,0,60000,20,0,centralheft,8.305778286971648,151.99574265158117,832
2455,2455,0,60000,20,0,centralheft,8.59782493403458,157.34019629283284,832
2450,2450,0,60000,20,3,centralheft,22.439779841106933,1012.0340708339227,832
2454,2454,0,60000,20,2,centralheft,65.56269806451003,753.9710277418653,832
2449,2449,0,60000,20,1,centralheft,94.67273496785928,2840.1820490357786,832
2457,2457,0,60000,20,3,centralheft,24.17396268966866,1090.2457173040566,832
2458,2458,0,60000,20,2,centralheft,65.49827006508,753.2301057484201,832
2456,2456,0,60000,20,0,centralheft,8.15090932238883,149.1616405997156,832
2461,2461,0,60000,20,2,centralheft,65.49827006508,753.2301057484201,832
2463,2463,0,60000,20,2,centralheft,65.49827006508,753.2301057484201,832
2464,2464,0,60000,20,2,centralheft,66.09827006507997,760.1301057484197,832
2465,2465,0,60000,20,2,centralheft,66.04664313836918,759.5363960912455,832
2462,2462,0,60000,20,0,centralheft,6.8651519340505605,125.63228039312526,832
2467,2467,0,60000,20,0,centralheft,7.289681332159922,133.40116837852656,832
2468,2468,0,60000,20,0,centralheft,7.75971157337039,142.00272179267813,832
2469,2469,0,60000,20,0,centralheft,12.636217901443239,231.2427875964113,832
2459,2459,0,60000,20,1,centralheft,95.9200457349539,2877.601372048617,832
2466,2466,0,60000,20,2,centralheft,65.49827006508,753.2301057484201,832
2470,2470,0,60000,20,0,centralheft,13.099676285565975,239.72407602585736,832
2471,2471,0,60000,20,1,centralheft,96.19692328206814,2885.907698462044,832
2474,2474,0,60000,20,1,centralheft,96.1208958081536,2883.626874244608,832
2475,2475,0,60000,20,1,centralheft,97.42585915184003,2922.7757745552008,832
2473,2473,0,60000,20,0,centralheft,13.02409490186808,238.34093670418588,832
2477,2477,0,60000,20,0,centralheft,13.607646055489106,249.01992281545063,832
2478,2478,0,60000,20,0,centralheft,5.803940421296506,106.21210970972606,832
2460,2460,0,60000,20,3,centralheft,23.937122270387032,1079.5642143944551,832
2472,2472,0,60000,20,2,centralheft,65.87191899162296,757.5270684036641,832
2480,2480,0,60000,20,3,centralheft,24.029141971031176,1083.714302893506,832
2482,2482,0,60000,20,3,centralheft,24.175872554332738,1090.3318522004065,832
2476,2476,0,60000,20,1,centralheft,96.22727215361756,2886.818164608527,832
2479,2479,0,60000,20,0,centralheft,10.586753347236932,193.73758625443588,832
2481,2481,0,60000,20,2,centralheft,65.49827006508,753.2301057484201,832
2486,2486,0,60000,20,2,centralheft,65.49827006508,753.2301057484201,832
2485,2485,0,60000,20,0,centralheft,9.35338491915035,171.1669440204514,832
2487,2487,0,60000,20,2,centralheft,69.95792701183208,804.5161606360689,832
2488,2488,0,60000,20,0,centralheft,12.4632860436109,228.0781345980795,832
2489,2489,0,60000,20,2,centralheft,69.91478220091085,804.0199953104748,832
2483,2483,0,60000,20,3,centralheft,22.839142149251003,1030.0453109312202,832
2491,2491,0,60000,20,2,centralheft,65.49827006508,753.2301057484201,832
2490,2490,0,60000,20,0,centralheft,4.141253141993143,75.78493249847452,832
2494,2494,0,60000,20,0,centralheft,12.610692395598955,230.77567083946087,832
2484,2484,0,60000,20,1,centralheft,95.11688889001955,2853.5066667005867,832
2495,2495,0,60000,20,0,centralheft,14.991698314388785,274.34807915331476,832
2493,2493,0,60000,20,2,centralheft,65.49827006508,753.2301057484201,832
2492,2492,0,60000,20,3,centralheft,21.7390428241271,980.4308313681322,832
2498,2498,0,60000,20,2,centralheft,65.70330078967606,755.5879590812747,832
2500,2500,0,60000,20,2,centralheft,65.49827006508,753.2301057484201,832
2497,2497,0,60000,20,0,centralheft,5.598670558018434,102.45567121173735,832
2502,2502,0,60000,20,0,centralheft,5.966622948645571,109.18919996021395,832
2499,2499,0,60000,20,3,centralheft,21.23047473015425,957.4944103299567,832
2496,2496,0,60000,20,1,centralheft,94.7900804701742,2843.702414105226,832
2505,2505,0,60000,20,1,centralheft,96.20122866052516,2886.0368598157547,832
2503,2503,0,60000,20,0,centralheft,5.825646029335756,106.60932233684434,832
2506,2506,0,60000,20,1,centralheft,96.43755085642151,2893.1265256926454,832
2501,2501,0,60000,20,2,centralheft,65.49827006508,753.2301057484201,832
2508,2508,0,60000,20,1,centralheft,96.22045026341705,2886.6135079025116,832
2509,2509,0,60000,20,2,centralheft,65.49827006508,753.2301057484201,832
2510,2510,0,60000,20,1,centralheft,97.27713216637967,2918.31396499139,832
2504,2504,0,60000,20,3,centralheft,25.89391927132864,1167.8157591369218,832
2513,2513,0,60000,20,3,centralheft,26.06627571508468,1175.5890347503191,832
2514,2514,0,60000,20,3,centralheft,23.024085861748837,1038.3862723648726,832
2515,2515,0,60000,20,3,centralheft,23.34057544843301,1052.6599527243288,832
2516,2516,0,60000,20,3,centralheft,23.774560691205973,1072.2326871733894,832
2512,2512,0,60000,20,1,centralheft,96.20078599208561,2886.0235797625683,832
2518,2518,0,60000,20,1,centralheft,96.09063193763899,2882.7189581291696,832
2507,2507,0,60000,20,0,centralheft,8.414949929640207,153.99358371241578,832
2511,2511,0,60000,20,2,centralheft,65.49827006508,753.2301057484201,832
2520,2520,0,60000,20,0,centralheft,14.96772684701697,273.90940130041054,832
2519,2519,0,60000,20,1,centralheft,96.9307145226557,2907.921435679671,832
2517,2517,0,60000,20,3,centralheft,27.05835539425534,1220.331828280916,832
2522,2522,0,60000,20,0,centralheft,10.08614081062715,184.57637683447683,832
2524,2524,0,60000,20,3,centralheft,27.17492069916112,1225.5889235321665,832
2521,2521,0,60000,20,2,centralheft,65.49827006508,753.2301057484201,832
2523,2523,0,60000,20,1,centralheft,97.45979729387516,2923.7939188162545,832
2527,2527,0,60000,20,2,centralheft,65.5621303870846,753.9644994514729,832
2525,2525,0,60000,20,0,centralheft,9.205554492807389,168.46164721837522,832
2530,2530,0,60000,20,0,centralheft,13.88813867276713,254.15293771163851,832
2528,2528,0,60000,20,1,centralheft,98.26869396084288,2948.0608188252863,832
2529,2529,0,60000,20,2,centralheft,65.51253209848453,753.3941191325721,832
2531,2531,0,60000,20,0,centralheft,18.19460830201456,332.9613319268665,832
2534,2534,0,60000,20,0,centralheft,7.46491045187024,136.6078612692254,832
2533,2533,0,60000,20,2,centralheft,65.49827006508,753.2301057484201,832
2532,2532,0,60000,20,1,centralheft,97.7998223033217,2933.994669099651,832
2535,2535,0,60000,20,0,centralheft,7.584146789690972,138.7898862513448,832
2536,2536,0,60000,20,2,centralheft,65.59733980970518,754.3694078116096,832
2526,2526,0,60000,20,3,centralheft,25.741293168987465,1160.9323219213347,832
2537,2537,0,60000,20,1,centralheft,97.42133034922215,2922.639910476664,832
2540,2540,0,60000,20,3,centralheft,25.11485388714054,1132.6799103100384,832
2538,2538,0,60000,20,0,centralheft,6.932299677381672,126.8610840960846,832
2542,2542,0,60000,20,3,centralheft,25.854142627570937,1166.0218325034493,832
2544,2544,0,60000,20,3,centralheft,25.918236630537315,1168.9124720372329,832
2541,2541,0,60000,20,1,centralheft,98.57211184640498,2957.1633553921492,832
2539,2539,0,60000,20,2,centralheft,65.49827006508,753.2301057484201,832
2543,2543,0,60000,20,0,centralheft,7.818639045200923,143.0810945271769,832
2545,2545,0,60000,20,3,centralheft,24.590483715433308,1109.0308155660423,832
2548,2548,0,60000,20,0,centralheft,11.010687356993797,201.4955786329865,832
2549,2549,0,60000,20,3,centralheft,24.90689989361296,1123.3011852019445,832
2546,2546,0,60000,20,1,centralheft,97.3670287876847,2921.0108636305413,832
2551,2551,0,60000,20,3,centralheft,26.222599599857176,1182.6392419535587,832
2553,2553,0,60000,20,3,centralheft,26.32259953134444,1187.1492388636343,832
2552,2552,0,60000,20,1,centralheft,97.44237930568858,2923.2713791706574,832
2554,2554,0,60000,20,3,centralheft,26.288540670286395,1185.6131842299164,832
2547,2547,0,60000,20,2,centralheft,65.87758754932466,757.5922568172336,832
2556,2556,0,60000,20,3,centralheft,24.42457810583399,1101.548472573113,832
2557,2557,0,60000,20,2,centralheft,66.17519169559661,761.014704499361,832
2559,2559,0,60000,20,2,centralheft,65.72263128466243,755.8102597736179,832
2558,2558,0,60000,20,3,centralheft,20.710218297674,934.0308452250974,832
2561,2561,0,60000,20,3,centralheft,21.48327468684976,968.8956883769242,832
2550,2550,0,60000,20,0,centralheft,9.466532097889324,173.23753739137464,832
2560,2560,0,60000,20,2,centralheft,70.28538723329304,808.28195318287,832
2564,2564,0,60000,20,2,centralheft,65.49827006508,753.2301057484201,832
2563,2563,0,60000,20,0,centralheft,4.924476991588955,90.11792894607788,832
2562,2562,0,60000,20,3,centralheft,23.86844504235753,1076.4668714103245,832
2566,2566,0,60000,20,0,centralheft,4.889450722817517,89.47694822756057,832
2555,2555,0,60000,20,1,centralheft,95.37579448068227,2861.273834420468,832
2567,2567,0,60000,20,3,centralheft,22.4472339447573,1012.3702509085542,832
2569,2569,0,60000,20,1,centralheft,95.95222633368381,2878.5667900105145,832
2568,2568,0,60000,20,0,centralheft,4.769311962494503,87.2784089136494,832
2571,2571,0,60000,20,1,centralheft,96.3238833943428,2889.716501830284,832
2573,2573,0,60000,20,1,centralheft,97.52765968628016,2925.8297905884046,832
2572,2572,0,60000,20,0,centralheft,5.040039772441366,92.232727835677,832
2574,2574,0,60000,20,1,centralheft,98.57099333258502,2957.1297999775506,832
2576,2576,0,60000,20,1,centralheft,99.18868771765617,2975.660631529685,832
2570,2570,0,60000,20,3,centralheft,22.08770932036754,996.1556903485762,832
2565,2565,0,60000,20,2,centralheft,65.49827006508,753.2301057484201,832
2577,2577,0,60000,20,1,centralheft,94.30157311594533,2829.04719347836,832
2575,2575,0,60000,20,0,centralheft,4.862016358019006,88.97489935174781,832
2579,2579,0,60000,20,2,centralheft,65.68731758720858,755.4041522528987,832
2578,2578,0,60000,20,3,centralheft,20.610279984305286,929.5236272921684,832
2582,2582,0,60000,20,2,centralheft,65.49827006508,753.2301057484201,832
2581,2581,0,60000,20,0,centralheft,5.07496290047487,92.87182107869012,832
2584,2584,0,60000,20,2,centralheft,65.49827006508,753.2301057484201,832
2583,2583,0,60000,20,3,centralheft,21.99215091011849,991.846006046344,832
2587,2587,0,60000,20,3,centralheft,22.56956369982305,1017.8873228620196,832
2580,2580,0,60000,20,1,centralheft,93.52833347326425,2805.850004197928,832
2589,2589,0,60000,20,1,centralheft,99.38647679982508,2981.5943039947524,832
2590,2590,0,60000,20,1,centralheft,99.95520861318103,2998.656258395431,832
2585,2585,0,60000,20,0,centralheft,6.40791414049289,117.26482877101989,832
2586,2586,0,60000,20,2,centralheft,65.70047111789198,755.5554178557577,832
2588,2588,0,60000,20,3,centralheft,22.74339576559569,1025.7271490283656,832
2591,2591,0,60000,20,1,centralheft,94.02385723674107,2820.715717102232,832
2593,2593,0,60000,20,2,centralheft,65.49827006508,753.2301057484201,832
2592,2592,0,60000,20,0,centralheft,3.433468580465781,62.832475022523795,832
2595,2595,0,60000,20,1,centralheft,93.29392491254845,2798.8177473764536,832
2597,2597,0,60000,20,0,centralheft,4.3103450724010255,78.87931482493877,832
2599,2599,0,60000,20,0,centralheft,4.695771497716451,85.93261840821106,832
2596,2596,0,60000,20,2,centralheft,65.5889636068616,754.2730814789084,832
2594,2594,0,60000,20,3,centralheft,23.616646372855456,1065.1107514157811,832
2600,2600,0,60000,20,0,centralheft,4.681111688763342,85.66434390436916,832
2602,2602,0,60000,20,3,centralheft,23.646969951605527,1066.4783448174094,832
2603,2603,0,60000,20,0,centralheft,5.023374354376821,91.92775068509582,832
2601,2601,0,60000,20,2,centralheft,66.97653093464523,770.2301057484201,832
2604,2604,0,60000,20,3,centralheft,20.769899715511187,936.7224771695546,832
2605,2605,0,60000,20,0,centralheft,5.7603850457612955,105.4150463374317,832
2608,2608,0,60000,20,0,centralheft,6.258460562103458,114.52982828649328,832
2598,2598,0,60000,20,1,centralheft,96.9636478182782,2908.9094345483463,832
2610,2610,0,60000,20,1,centralheft,97.69799314498572,2930.9397943495715,832
2609,2609,0,60000,20,0,centralheft,11.937172622511042,218.45025899195207,832
2612,2612,0,60000,20,0,centralheft,5.849215795262522,107.04064905330415,832
2613,2613,0,60000,20,0,centralheft,6.176314191523518,113.02654970488038,832
2606,2606,0,60000,20,2,centralheft,65.49827006508,753.2301057484201,832
2615,2615,0,60000,20,2,centralheft,65.49827006508,753.2301057484201,832
2611,2611,0,60000,20,1,centralheft,97.75658964451013,2932.697689335304,832
2617,2617,0,60000,20,1,centralheft,99.22572911551985,2976.7718734655955,832
2607,2607,0,60000,20,3,centralheft,20.53229522087075,926.0065144612709,832
2614,2614,0,60000,20,0,centralheft,12.24867959694086,224.15083662401776,832
2618,2618,0,60000,20,1,centralheft,97.3412169033513,2920.236507100539,832
2619,2619,0,60000,20,3,centralheft,22.43916496827792,1012.0063400693343,832
2622,2622,0,60000,20,3,centralheft,24.159051501394178,1089.5732227128774,832
2616,2616,0,60000,20,2,centralheft,65.49827006508,753.2301057484201,832
2621,2621,0,60000,20,1,centralheft,98.28855833647916,2948.6567500943747,832
2620,2620,0,60000,20,0,centralheft,6.644414794161387,121.59279073315338,832
2624,2624,0,60000,20,2,centralheft,65.49827006508,753.2301057484201,832
2625,2625,0,60000,20,1,centralheft,97.84655954725325,2935.3967864175975,832
2627,2627,0,60000,20,2,centralheft,66.81551942096532,768.3784733411012,832
2626,2626,0,60000,20,0,centralheft,5.255811666337962,96.18135349398472,832
2629,2629,0,60000,20,2,centralheft,65.6542120619975,755.0234387129713,832
2630,2630,0,60000,20,0,centralheft,4.921327510404649,90.06029344040508,832
2628,2628,0,60000,20,1,centralheft,97.16511197871556,2914.953359361467,832
2633,2633,0,60000,20,1,centralheft,97.11548697616279,2913.4646092848834,832
2634,2634,0,60000,20,1,centralheft,97.79730103793318,2933.9190311379953,832
2632,2632,0,60000,20,0,centralheft,4.316764366702572,78.99678791065708,832
2636,2636,0,60000,20,0,centralheft,5.793320643184177,106.01776777027044,832
2637,2637,0,60000,20,0,centralheft,6.264543390361176,114.64114404360953,832
2635,2635,0,60000,20,1,centralheft,97.23739092277647,2917.121727683294,832
2638,2638,0,60000,20,0,centralheft,8.293002686455385,151.76194916213353,832
2631,2631,0,60000,20,2,centralheft,65.49827006508,753.2301057484201,832
2623,2623,0,60000,20,3,centralheft,23.239807144114607,1048.1153021995688,832
2642,2642,0,60000,20,3,centralheft,28.24961702884556,1274.0577280009347,832
2640,2640,0,60000,20,0,centralheft,7.940145842704658,145.30466892149525,832
2644,2644,0,60000,20,0,centralheft,8.426079052439635,154.19724665964532,832
2645,2645,0,60000,20,0,centralheft,9.87205402438002,180.65858864615439,832
2641,2641,0,60000,20,2,centralheft,65.49827006508,753.2301057484201,832
2647,2647,0,60000,20,2,centralheft,66.70910752500751,767.1547365375864,832
2648,2648,0,60000,20,2,centralheft,65.60742722264236,754.4854130603871,832
2643,2643,0,60000,20,3,centralheft,25.629292592999835,1155.8810959442926,832
2639,2639,0,60000,20,1,centralheft,94.68950025461284,2840.6850076383853,832
2650,2650,0,60000,20,3,centralheft,24.60435916271171,1109.656598238298,832
2651,2651,0,60000,20,1,centralheft,94.41396078943356,2832.418823683007,832
2649,2649,0,60000,20,2,centralheft,65.52764187014454,753.5678815066622,832
2652,2652,0,60000,20,3,centralheft,28.614463840130018,1290.5123191898638,832
2655,2655,0,60000,20,3,centralheft,28.63558705153701,1291.4649760243192,832
2653,2653,0,60000,20,1,centralheft,97.24364993579262,2917.3094980737787,832
2654,2654,0,60000,20,2,centralheft,65.49827006508,753.2301057484201,832
2646,2646,0,60000,20,0,centralheft,10.681805216465532,195.47703546131925,832
2656,2656,0,60000,20,3,centralheft,24.078575828753348,1085.943769876776,832
2660,2660,0,60000,20,3,centralheft,25.343903806957222,1143.0100616937707,832
2659,2659,0,60000,20,0,centralheft,7.617310814790083,139.39678791065853,832
2662,2662,0,60000,20,0,centralheft,7.214942286735224,132.0334438472546,832
2658,2658,0,60000,20,2,centralheft,65.49827006508,753.2301057484201,832
2657,2657,0,60000,20,1,centralheft,96.02110307126404,2880.6330921379213,832
2663,2663,0,60000,20,0,centralheft,6.97226739768408,127.59249337761867,832
2665,2665,0,60000,20,1,centralheft,95.73237878939399,2871.9713636818196,832
2661,2661,0,60000,20,3,centralheft,22.872927872146775,1031.5690470338195,832
2668,2668,0,60000,20,3,centralheft,25.490559405588485,1149.6242291920407,832
2666,2666,0,60000,20,0,centralheft,6.045454172347644,110.6318113539619,832
2669,2669,0,60000,20,3,centralheft,20.818415716644196,938.9105488206533,832
2670,2670,0,60000,20,0,centralheft,5.659483891282593,103.56855521047146,832
2671,2671,0,60000,20,3,centralheft,26.377481021496962,1189.624394069513,832
2664,2664,0,60000,20,2,centralheft,65.65236957703699,755.0022501359254,832
2673,2673,0,60000,20,3,centralheft,26.960676703604978,1215.9265193325846,832
2674,2674,0,60000,20,2,centralheft,66.40897517529953,763.7032145159446,832
2676,2676,0,60000,20,2,centralheft,66.30823992791778,762.5447591710545,832
2672,2672,0,60000,20,0,centralheft,5.3966390609697,98.75849481574551,832
2678,2678,0,60000,20,0,centralheft,5.899019282246751,107.95205286511555,832
2675,2675,0,60000,20,3,centralheft,26.958071252316714,1215.8090134794838,832
2667,2667,0,60000,20,1,centralheft,93.91313610873695,2817.3940832621083,832
2679,2679,0,60000,20,0,centralheft,6.387853886243463,116.89772611825538,832
2682,2682,0,60000,20,0,centralheft,6.479886205808347,118.58191756629276,832
2677,2677,0,60000,20,2,centralheft,65.49827006508,753.2301057484201,832
2684,2684,0,60000,20,2,centralheft,65.49827006508,753.2301057484201,832
2683,2683,0,60000,20,0,centralheft,8.760670861870022,160.3202767722214,832
2680,2680,0,60000,20,3,centralheft,28.44055883324823,1282.6692033794952,832
2686,2686,0,60000,20,0,centralheft,17.1334825720045,313.5427310676823,832
2687,2687,0,60000,20,3,centralheft,28.47043626330435,1284.0166754750262,832
2688,2688,0,60000,20,0,centralheft,9.630432117085999,176.2369077426738,832
2690,2690,0,60000,20,0,centralheft,15.506036017048174,283.7604591119816,832
2681,2681,0,60000,20,1,centralheft,92.48499162289117,2774.5497486867353,832
2689,2689,0,60000,20,3,centralheft,20.31520938189743,916.2159431235741,832
2691,2691,0,60000,20,0,centralheft,6.302464046802427,115.33509205648443,832
2693,2693,0,60000,20,3,centralheft,23.038683227810974,1039.044613574275,832
2695,2695,0,60000,20,3,centralheft,22.83037339794386,1029.649840247268,832
2694,2694,0,60000,20,0,centralheft,9.660963067798463,176.79562414071188,832
2696,2696,0,60000,20,3,centralheft,22.56767205175436,1017.8020095341217,832
2685,2685,0,60000,20,2,centralheft,65.49827006508,753.2301057484201,832
2698,2698,0,60000,20,3,centralheft,26.703362864317064,1204.3216651806997,832
2697,2697,0,60000,20,0,centralheft,8.20408015554542,150.1346668464812,832
2692,2692,0,60000,20,1,centralheft,89.7786224277875,2693.358672833625,832
2702,2702,0,60000,20,1,centralheft,92.0523932408747,2761.571797226241,832
2701,2701,0,60000,20,0,centralheft,3.8304255688883844,70.09678791065744,832
2703,2703,0,60000,20,1,centralheft,92.64602828558824,2779.3808485676473,832
2700,2700,0,60000,20,3,centralheft,25.106957053485733,1132.3237631122065,832
2704,2704,0,60000,20,0,centralheft,4.350374661529405,79.61185630598811,832
2699,2699,0,60000,20,2,centralheft,65.53113442270778,753.6080458611395,832
2705,2705,0,60000,20,1,centralheft,92.35298267931927,2770.589480379578,832
2707,2707,0,60000,20,0,centralheft,6.567638813727281,120.18779029120924,832
2708,2708,0,60000,20,2,centralheft,65.49827006508,753.2301057484201,832
2706,2706,0,60000,20,3,centralheft,22.71838788500877,1024.5992936138955,832
2711,2711,0,60000,20,2,centralheft,65.73192871328739,755.917180202805,832
2710,2710,0,60000,20,0,centralheft,15.428776916303066,282.3466175683461,832
2713,2713,0,60000,20,2,centralheft,65.60724684327658,754.4833386976807,832
2715,2715,0,60000,20,2,centralheft,66.65159607713228,766.4933548870213,832
2716,2716,0,60000,20,2,centralheft,65.49827006508,753.2301057484201,832
2712,2712,0,60000,20,3,centralheft,23.04812834494337,1039.4705883569459,832
2718,2718,0,60000,20,3,centralheft,21.42075196513189,966.0759136274482,832
2719,2719,0,60000,20,3,centralheft,21.690127256569717,978.2247392712943,832
2717,2717,0,60000,20,2,centralheft,65.86348745638442,757.4301057484208,832
2714,2714,0,60000,20,0,centralheft,13.792648399935164,252.4054657188135,832
2722,2722,0,60000,20,0,centralheft,5.836663681091155,106.81094536396813,832
2721,2721,0,60000,20,2,centralheft,65.49827006508,753.2301057484201,832
2724,2724,0,60000,20,2,centralheft,66.92435702160172,769.6301057484197,832
2725,2725,0,60000,20,2,centralheft,68.2843722007201,785.2702803082811,832
2709,2709,0,60000,20,1,centralheft,90.58572959261959,2717.5718877785876,832
2727,2727,0,60000,20,1,centralheft,90.97364440190941,2729.209332057282,832
2723,2723,0,60000,20,0,centralheft,5.567035990236553,101.87675862132892,832
2728,2728,0,60000,20,1,centralheft,91.22967018253402,2736.890105476021,832
2720,2720,0,60000,20,3,centralheft,32.24543915050336,1454.2693056877015,832
2731,2731,0,60000,20,3,centralheft,32.94540870776408,1485.83793272016,832
2729,2729,0,60000,20,0,centralheft,6.630868942219884,121.34490164262388,832
2733,2733,0,60000,20,0,centralheft,6.994628782132302,128.00170671302112,832
2732,2732,0,60000,20,3,centralheft,21.064090136753006,949.9904651675606,832
2735,2735,0,60000,20,3,centralheft,23.341906771276943,1052.7199953845902,832
2736,2736,0,60000,20,3,centralheft,24.038099514907707,1084.1182881223376,832
2726,2726,0,60000,20,2,centralheft,65.54356607684831,753.7510098837556,832
2734,2734,0,60000,20,0,centralheft,6.149145345055534,112.52935981451628,832
2730,2730,0,60000,20,1,centralheft,90.9234336941084,2727.703010823252,832
2739,2739,0,60000,20,0,centralheft,10.47006295663534,191.60215210642673,832
2740,2740,0,60000,20,1,centralheft,91.72137325196988,2751.6411975590963,832
2738,2738,0,60000,20,2,centralheft,65.49827006508,753.2301057484201,832
2741,2741,0,60000,20,0,centralheft,5.174392519832216,94.69138311292954,832
2744,2744,0,60000,20,0,centralheft,4.662412846727584,85.3221550951148,832
2745,2745,0,60000,20,0,centralheft,5.02098034120014,91.88394024396257,832
2746,2746,0,60000,20,0,centralheft,5.288662874206283,96.78253059797498,832
2743,2743,0,60000,20,2,centralheft,66.82654403096967,768.5052563561512,832
2748,2748,0,60000,20,2,centralheft,65.68140126579885,755.3361145566869,832
2749,2749,0,60000,20,2,centralheft,66.09827006507997,760.1301057484197,832
2750,2750,0,60000,20,2,centralheft,66.04374502087533,759.5030677400664,832
2742,2742,0,60000,20,1,centralheft,94.1388665107177,2824.165995321531,832
2752,2752,0,60000,20,1,centralheft,93.88645664893872,2816.5936994681615,832
2751,2751,0,60000,20,2,centralheft,65.49827006508,753.2301057484201,832
2737,2737,0,60000,20,3,centralheft,27.016532737754595,1218.4456264727323,832
2755,2755,0,60000,20,3,centralheft,25.050937631073094,1129.7972871613965,832
2747,2747,0,60000,20,0,centralheft,5.8315887436652165,106.71807400907346,832
2753,2753,0,60000,20,1,centralheft,93.07297163979031,2792.1891491937095,832
2757,2757,0,60000,20,0,centralheft,12.831762642498752,234.82125635772718,832
2758,2758,0,60000,20,1,centralheft,93.6179692959869,2808.5390788796067,832
2756,2756,0,60000,20,3,centralheft,26.481845614782767,1194.3312372267028,832
2761,2761,0,60000,20,3,centralheft,26.51947175217071,1196.028176022899,832
2759,2759,0,60000,20,0,centralheft,9.762319633774679,178.65044929807664,832
2763,2763,0,60000,20,0,centralheft,10.240190488264766,187.39548593524523,832
2762,2762,0,60000,20,3,centralheft,22.103634215707444,996.8739031284058,832
2754,2754,0,60000,20,2,centralheft,65.6336097906441,754.7865125924072,832
2764,2764,0,60000,20,0,centralheft,10.366023296074111,189.69822631815623,832
2766,2766,0,60000,20,2,centralheft,65.49827006508,753.2301057484201,832
2767,2767,0,60000,20,0,centralheft,10.496640859607291,192.08852773081344,832
2768,2768,0,60000,20,2,centralheft,65.72715273623417,755.862256466693,832
2765,2765,0,60000,20,3,centralheft,22.036885491472553,993.8635356654122,832
2760,2760,0,60000,20,1,centralheft,94.87925706736969,2846.3777120210907,832
2771,2771,0,60000,20,3,centralheft,21.61537762634306,974.8535309480721,832
2769,2769,0,60000,20,0,centralheft,4.991082226445497,91.3368047439526,832
2772,2772,0,60000,20,1,centralheft,95.86746458677395,2876.0239376032187,832
2775,2775,0,60000,20,1,centralheft,96.44705041633704,2893.411512490111,832
2774,2774,0,60000,20,0,centralheft,4.819277435659198,88.19277707256333,832
2773,2773,0,60000,20,3,centralheft,22.26415932679986,1004.1135856386736,832
2777,2777,0,60000,20,0,centralheft,3.910026365313972,71.5534824852457,832
2778,2778,0,60000,20,3,centralheft,24.822036237873302,1119.473834328086,832
2780,2780,0,60000,20,3,centralheft,25.635586631769204,1156.1649570927912,832
2781,2781,0,60000,20,3,centralheft,23.97275720192639,1081.1713498068802,832
2776,2776,0,60000,20,1,centralheft,96.45873650195172,2893.7620950585515,832
2779,2779,0,60000,20,0,centralheft,6.392733031537671,116.98701447713938,832
2782,2782,0,60000,20,3,centralheft,19.995961064570107,901.8178440121119,832
2784,2784,0,60000,20,0,centralheft,16.37015776403092,299.57388708176586,832
2786,2786,0,60000,20,0,centralheft,17.717888666903676,324.23736260433725,832
2770,2770,0,60000,20,2,centralheft,65.49827006508,753.2301057484201,832
2783,2783,0,60000,20,1,centralheft,95.78850191765511,2873.6550575296533,832
2789,2789,0,60000,20,1,centralheft,96.52636422835585,2895.7909268506755,832
2787,2787,0,60000,20,0,centralheft,5.299963900162835,96.98933937297988,832
2788,2788,0,60000,20,2,centralheft,65.49827006508,753.2301057484201,832
2791,2791,0,60000,20,0,centralheft,15.122721450540562,276.7458025448923,832
2792,2792,0,60000,20,2,centralheft,65.49827006508,753.2301057484201,832
2790,2790,0,60000,20,1,centralheft,96.04303852405441,2881.291155721632,832
2793,2793,0,60000,20,0,centralheft,17.13110952080624,313.4993042307542,832
2796,2796,0,60000,20,0,centralheft,10.423352527850511,190.74735125966436,832
2794,2794,0,60000,20,2,centralheft,65.49827006508,753.2301057484201,832
2795,2795,0,60000,20,1,centralheft,94.97914707561019,2849.3744122683056,832
2785,2785,0,60000,20,3,centralheft,18.90136069438916,852.4513673169513,832
2800,2800,0,60000,20,3,centralheft,19.168290761728162,864.4899133539402,832
2798,2798,0,60000,20,2,centralheft,65.72472138893706,755.8342959727761,832
2801,2801,0,60000,20,3,centralheft,19.842208552494647,894.8836057175085,832
2799,2799,0,60000,20,1,centralheft,95.75649957201112,2872.6949871603338,832
2797,2797,0,60000,20,0,centralheft,4.982563292388213,91.1809082507043,832
2804,2804,0,60000,20,1,centralheft,95.58290872884724,2867.487261865417,832
2802,2802,0,60000,20,2,centralheft,66.62790926506251,766.220956548219,832
2807,2807,0,60000,20,2,centralheft,65.72689429916579,755.8592844404066,832
2803,2803,0,60000,20,3,centralheft,23.005192590903878,1037.534185849765,832
2806,2806,0,60000,20,1,centralheft,95.13320337254845,2853.9961011764535,832
2805,2805,0,60000,20,0,centralheft,11.606185988219622,212.3932035844191,832
2810,2810,0,60000,20,1,centralheft,95.77275326830356,2873.1825980491067,832
2812,2812,0,60000,20,1,centralheft,97.68779590129391,2930.6338770388174,832
2811,2811,0,60000,20,0,centralheft,4.722698547532976,86.42538341985346,832
2809,2809,0,60000,20,3,centralheft,25.972523895711927,1171.3608276966079,832
2808,2808,0,60000,20,2,centralheft,65.49827006508,753.2301057484201,832
2814,2814,0,60000,20,0,centralheft,13.324930887843013,243.84623524752715,832
2817,2817,0,60000,20,0,centralheft,15.410381101547932,282.00997415832717,832
2816,2816,0,60000,20,2,centralheft,66.16624631548667,760.9118326280968,832
2815,2815,0,60000,20,3,centralheft,25.428077526154052,1146.8062964295477,832
2813,2813,0,60000,20,1,centralheft,96.26154690542093,2887.8464071626277,832
2818,2818,0,60000,20,0,centralheft,11.867320850435602,217.17197156297152,832
2820,2820,0,60000,20,3,centralheft,25.216208910576164,1137.251021866985,832
2822,2822,0,60000,20,0,centralheft,12.206012610558552,223.37003077322152,832
2824,2824,0,60000,20,0,centralheft,14.515042245259846,265.6252730882552,832
2821,2821,0,60000,20,1,centralheft,97.57859076008741,2927.3577228026224,832
2825,2825,0,60000,20,0,centralheft,14.628031639264615,267.69297899854246,832
2823,2823,0,60000,20,3,centralheft,23.56442576867375,1062.7556021671862,832
2819,2819,0,60000,20,2,centralheft,65.72763662134537,755.8678211454717,832
2827,2827,0,60000,20,0,centralheft,15.83649521785819,289.8078624868049,832
2828,2828,0,60000,20,3,centralheft,25.226751871850098,1137.7265094204395,832
2831,2831,0,60000,20,3,centralheft,22.402750157073342,1010.3640320840077,832
2832,2832,0,60000,20,3,centralheft,24.871697150472578,1121.7135414863133,832
2829,2829,0,60000,20,2,centralheft,74.08081458409114,851.9293677170481,832
2830,2830,0,60000,20,0,centralheft,6.707423686763777,122.74585346777712,832
2826,2826,0,60000,20,1,centralheft,96.36218687182699,2890.86560615481,832
2836,2836,0,60000,20,1,centralheft,96.54397526703184,2896.3192580109553,832
2834,2834,0,60000,20,2,centralheft,67.24247640464739,773.288478653445,832
2833,2833,0,60000,20,3,centralheft,22.79117216235759,1027.8818645223273,832
2837,2837,0,60000,20,1,centralheft,96.1176417672293,2883.529253016879,832
2838,2838,0,60000,20,2,centralheft,66.88812616067156,769.2134508477229,832
2835,2835,0,60000,20,0,centralheft,5.990922411761718,109.63388013523945,832
2842,2842,0,60000,20,0,centralheft,6.474903494817639,118.4907339551628,832
2843,2843,0,60000,20,0,centralheft,7.508819647228136,137.4113995442749,832
2839,2839,0,60000,20,3,centralheft,20.642384249250906,930.971529641216,832
2845,2845,0,60000,20,3,centralheft,21.63660863919602,975.8110496277404,832
2844,2844,0,60000,20,0,centralheft,16.576344003794667,303.34709526944243,832
2840,2840,0,60000,20,1,centralheft,95.18789962130244,2855.636988639073,832
2848,2848,0,60000,20,1,centralheft,95.18026132599043,2855.407839779713,832
2847,2847,0,60000,20,0,centralheft,15.76345940592541,288.471307128435,832
2849,2849,0,60000,20,1,centralheft,95.122039913706,2853.66119741118,832
2850,2850,0,60000,20,0,centralheft,26.682513373684618,488.2899947384285,832
2852,2852,0,60000,20,0,centralheft,29.34865233852159,537.0803377949451,832
2851,2851,0,60000,20,1,centralheft,95.39800408102928,2861.9401224308785,832
2846,2846,0,60000,20,3,centralheft,23.856000354640983,1075.9056159943084,832
2854,2854,0,60000,20,1,centralheft,95.97797595631589,2879.3392786894765,832
2841,2841,0,60000,20,2,centralheft,66.09827006507997,760.1301057484197,832
2855,2855,0,60000,20,3,centralheft,23.810574240414965,1073.856898242715,832
2857,2857,0,60000,20,2,centralheft,65.71295315323304,755.6989612621801,832
2853,2853,0,60000,20,0,centralheft,4.269325965465189,78.12866516801296,832
2859,2859,0,60000,20,2,centralheft,68.71566136942783,790.2301057484201,832
2858,2858,0,60000,20,3,centralheft,23.25146672584525,1048.6411493356209,832
2861,2861,0,60000,20,2,centralheft,65.56299825127502,753.9744798896627,832
2856,2856,0,60000,20,1,centralheft,95.92403045529088,2877.720913658726,832
2860,2860,0,60000,20,0,centralheft,6.0932830514724365,111.5070798419456,832
2865,2865,0,60000,20,0,centralheft,6.60441542479259,120.8608022737044,832
2864,2864,0,60000,20,1,centralheft,95.75688679620829,2872.7066038862486,832
2866,2866,0,60000,20,0,centralheft,6.987871352366064,127.87804574829897,832
2863,2863,0,60000,20,2,centralheft,65.81811153443272,756.9082826459762,832
2867,2867,0,60000,20,1,centralheft,95.58218408582161,2867.4655225746483,832
2869,2869,0,60000,20,2,centralheft,66.62666527785484,766.2066506953306,832
2871,2871,0,60000,20,2,centralheft,65.49827006508,753.2301057484201,832
2868,2868,0,60000,20,0,centralheft,6.85770121587472,125.4959322505074,832
2872,2872,0,60000,20,2,centralheft,65.73257904890568,755.9246590624152,832
2873,2873,0,60000,20,0,centralheft,7.333157809325662,134.19678791065962,832
2862,2862,0,60000,20,3,centralheft,21.320061469071305,961.534772255116,832
2875,2875,0,60000,20,0,centralheft,8.063942309704718,147.57014426759633,832
2876,2876,0,60000,20,3,centralheft,22.094970344438124,996.4831625341594,832
2870,2870,0,60000,20,1,centralheft,94.31777700519773,2829.5333101559318,832
2878,2878,0,60000,20,3,centralheft,23.090409136011434,1041.3774520341158,832
2874,2874,0,60000,20,2,centralheft,65.60568434408908,754.4653699570244,832
2881,2881,0,60000,20,2,centralheft,65.64969784186495,754.9715251814469,832
2877,2877,0,60000,20,0,centralheft,7.172069303097522,131.24886824668465,832
2880,2880,0,60000,20,3,centralheft,21.67363226944896,977.480815352148,832
2879,2879,0,60000,20,1,centralheft,93.28604730535608,2798.5814191606823,832
2884,2884,0,60000,20,3,centralheft,24.186395919861184,1090.8064559857394,832
2885,2885,0,60000,20,1,centralheft,94.79019791880255,2843.7059375640765,832
2883,2883,0,60000,20,0,centralheft,12.59178875614184,230.42973423739568,832
2886,2886,0,60000,20,3,centralheft,21.562879960141487,972.4858862023812,832
2888,2888,0,60000,20,0,centralheft,4.316479897290483,78.99158212041584,832
2882,2882,0,60000,20,2,centralheft,67.83223592498246,780.0707131372983,832
2890,2890,0,60000,20,0,centralheft,4.165665148708196,76.23167222135999,832
2892,2892,0,60000,20,0,centralheft,3.979326408184111,72.82167326976924,832
2887,2887,0,60000,20,1,centralheft,94.58590944617178,2837.5772833851534,832
2889,2889,0,60000,20,3,centralheft,21.49827003212076,969.5719784486464,832
2891,2891,0,60000,20,2,centralheft,66.79612945124103,768.1554886892718,832
2894,2894,0,60000,20,1,centralheft,94.9480704186762,2848.4421125602858,832
2895,2895,0,60000,20,3,centralheft,24.342572977772363,1097.8500412975336,832
2898,2898,0,60000,20,3,centralheft,24.50888589232211,1105.3507537437272,832
2893,2893,0,60000,20,0,centralheft,3.8722816799994577,70.86275474399008,832
2899,2899,0,60000,20,3,centralheft,24.270904732936213,1094.6178034554232,832
2896,2896,0,60000,20,2,centralheft,66.97545106985949,770.2176873033841,832
2901,2901,0,60000,20,3,centralheft,20.224361162911972,912.11868844733,832
2900,2900,0,60000,20,0,centralheft,5.253013312925103,96.13014362652939,832
2897,2897,0,60000,20,1,centralheft,93.93324567784796,2817.997370335439,832
2902,2902,0,60000,20,2,centralheft,66.58699098893798,765.7503963727868,832
2906,2906,0,60000,20,2,centralheft,65.49827006508,753.2301057484201,832
2905,2905,0,60000,20,1,centralheft,94.09859775946958,2822.9579327840875,832
2904,2904,0,60000,20,0,centralheft,13.287205976360239,243.15586936739237,832
2907,2907,0,60000,20,2,centralheft,65.49827006508,753.2301057484201,832
2909,2909,0,60000,20,0,centralheft,13.656912839277801,249.92150495878377,832
2911,2911,0,60000,20,0,centralheft,14.00067238476631,256.21230464122345,832
2912,2912,0,60000,20,0,centralheft,17.429067691810303,318.95193876012854,832
2913,2913,0,60000,20,0,centralheft,14.836493891648859,271.50783821717414,832
2910,2910,0,60000,20,2,centralheft,65.49827006508,753.2301057484201,832
2914,2914,0,60000,20,0,centralheft,4.168158999560805,76.27730969196273,832
2916,2916,0,60000,20,0,centralheft,5.791863751902617,105.99110665981789,832
2908,2908,0,60000,20,1,centralheft,93.55931094792989,2806.7793284378968,832
2918,2918,0,60000,20,1,centralheft,93.37586612315651,2801.2759836946952,832
2915,2915,0,60000,20,2,centralheft,66.1107230078242,760.2733145899783,832
2903,2903,0,60000,20,3,centralheft,22.09450634806637,996.4622362977934,832
2920,2920,0,60000,20,2,centralheft,65.77684822529298,756.4337545908693,832
2919,2919,0,60000,20,1,centralheft,95.61780020785773,2868.534006235732,832
2922,2922,0,60000,20,2,centralheft,65.55056964099134,753.8315508714004,832
2917,2917,0,60000,20,0,centralheft,9.459420772347853,173.1074001339657,832
2921,2921,0,60000,20,3,centralheft,20.427961030320727,921.3010424674649,832
2926,2926,0,60000,20,3,centralheft,22.975335275943564,1036.1876209450547,832
2924,2924,0,60000,20,2,centralheft,67.58056992470159,777.1765541340683,832
2923,2923,0,60000,20,1,centralheft,95.05300962160933,2851.59028864828,832
2929,2929,0,60000,20,1,centralheft,94.74879619692287,2842.463885907686,832
2930,2930,0,60000,20,1,centralheft,95.81973494669249,2874.5920484007747,832
2928,2928,0,60000,20,2,centralheft,65.79121271963706,756.5989462758262,832
2932,2932,0,60000,20,2,centralheft,65.73647849722724,755.9695027181133,832
2933,2933,0,60000,20,2,centralheft,65.49827006508,753.2301057484201,832
2925,2925,0,60000,20,0,centralheft,6.132170288891175,112.21871628670851,832
2927,2927,0,60000,20,3,centralheft,25.26032780241837,1139.2407838890686,832
2934,2934,0,60000,20,2,centralheft,65.49827006508,753.2301057484201,832
2936,2936,0,60000,20,3,centralheft,24.24795735575876,1093.5828767447201,832
2931,2931,0,60000,20,1,centralheft,95.92508679473558,2877.7526038420674,832
2937,2937,0,60000,20,2,centralheft,65.49827006508,753.2301057484201,832
2938,2938,0,60000,20,3,centralheft,28.013809249282982,1263.4227971426626,832
2939,2939,0,60000,20,1,centralheft,95.88435388701528,2876.5306166104583,832
2940,2940,0,60000,20,2,centralheft,65.49827006508,753.2301057484201,832
2942,2942,0,60000,20,1,centralheft,96.24609439859978,2887.3828319579934,832
2941,2941,0,60000,20,3,centralheft,25.353717493399177,1143.452658952303,832
2935,2935,0,60000,20,0,centralheft,11.51512808794443,210.72684400938306,832
2945,2945,0,60000,20,3,centralheft,26.941072607624825,1215.0423746038796,832
2946,2946,0,60000,20,0,centralheft,11.912326047184083,217.9955666634687,832
2944,2944,0,60000,20,1,centralheft,96.72201731907407,2901.6605195722223,832
2949,2949,0,60000,20,1,centralheft,98.492891582248,2954.7867474674404,832
2950,2950,0,60000,20,1,centralheft,96.95709050808837,2908.712715242651,832
2947,2947,0,60000,20,3,centralheft,26.8175879793854,1209.4732178702816,832
2951,2951,0,60000,20,1,centralheft,97.31654604227296,2919.496381268189,832
2943,2943,0,60000,20,2,centralheft,66.18733584614687,761.154362230689,832
2952,2952,0,60000,20,3,centralheft,25.92045574729123,1169.0125542028345,832
2955,2955,0,60000,20,3,centralheft,26.099119117076334,1177.0702721801426,832
2956,2956,0,60000,20,3,centralheft,26.1557993207045,1179.626549363773,832
2957,2957,0,60000,20,3,centralheft,26.28543762757924,1185.4732370038237,832
2954,2954,0,60000,20,2,centralheft,65.49827006508,753.2301057484201,832
2959,2959,0,60000,20,2,centralheft,71.11016621402972,817.7669114613418,832
2958,2958,0,60000,20,3,centralheft,25.069214217836514,1130.6215612244268,832
2961,2961,0,60000,20,3,centralheft,25.169119161810176,1135.127274197639,832
2948,2948,0,60000,20,0,centralheft,6.392252150785705,116.9782143593784,832
2953,2953,0,60000,20,1,centralheft,97.96604153338255,2938.9812460014764,832
2962,2962,0,60000,20,3,centralheft,26.983937925749004,1216.9756004512801,832
2964,2964,0,60000,20,1,centralheft,97.48159681976273,2924.447904592882,832
2963,2963,0,60000,20,0,centralheft,13.913958066252354,254.62543261241808,832
2960,2960,0,60000,20,2,centralheft,65.65769996629103,755.0635496123468,832
2968,2968,0,60000,20,2,centralheft,65.49827006508,753.2301057484201,832
2966,2966,0,60000,20,1,centralheft,97.78065833340406,2933.419750002122,832
2970,2970,0,60000,20,1,centralheft,97.99698186551268,2939.9094559653804,832
2967,2967,0,60000,20,0,centralheft,9.355125022440339,171.1987879106582,832
2965,2965,0,60000,20,3,centralheft,30.48942715223176,1375.0731645656524,832
2973,2973,0,60000,20,3,centralheft,30.584879834696643,1379.3780805448187,832
2972,2972,0,60000,20,0,centralheft,6.217385459198032,113.77815390332398,832
2969,2969,0,60000,20,2,centralheft,65.49827006508,753.2301057484201,832
2974,2974,0,60000,20,3,centralheft,19.31245113465833,870.9915461730907,832
2971,2971,0,60000,20,1,centralheft,97.05434351824066,2911.63030554722,832
2975,2975,0,60000,20,0,centralheft,5.362364879769441,98.13127729978078,832
2978,2978,0,60000,20,1,centralheft,98.74299395430492,2962.2898186291477,832
2979,2979,0,60000,20,0,centralheft,7.2126304971665816,131.99113809814844,832
2977,2977,0,60000,20,3,centralheft,30.222662266019615,1363.0420681974847,832
2980,2980,0,60000,20,1,centralheft,98.19823628480117,2945.947088544035,832
2983,2983,0,60000,20,1,centralheft,98.19174637991195,2945.752391397358,832
2976,2976,0,60000,20,2,centralheft,65.73414347354233,755.9426499457368,832
2985,2985,0,60000,20,2,centralheft,65.49827006508,753.2301057484201,832
2984,2984,0,60000,20,1,centralheft,94.67968287488323,2840.390486246497,832
2981,2981,0,60000,20,0,centralheft,9.333799047340182,170.80852256632534,832
2982,2982,0,60000,20,3,centralheft,29.992838494145204,1352.6770160859487,832
2989,2989,0,60000,20,3,centralheft,27.561534942566613,1243.0252259097542,832
2986,2986,0,60000,20,2,centralheft,66.27492023948878,762.1615827541209,832
2991,2991,0,60000,20,2,centralheft,66.09827006507997,760.1301057484197,832
2987,2987,0,60000,20,1,centralheft,96.20253646420898,2886.076093926269,832
2990,2990,0,60000,20,3,centralheft,27.393718894093716,1235.4567221236266,832
2993,2993,0,60000,20,1,centralheft,95.85143484586564,2875.543045375969,832
2988,2988,0,60000,20,0,centralheft,8.392283409804625,153.57878639942464,832
2994,2994,0,60000,20,3,centralheft,29.128428355717528,1313.6921188428605,832
2997,2997,0,60000,20,3,centralheft,26.81328663789089,1209.2792273688792,832
2998,2998,0,60000,20,3,centralheft,27.068615912824452,1220.7945776683828,832
2995,2995,0,60000,20,1,centralheft,96.86416567082445,2905.9249701247336,832
2999,2999,0,60000,20,3,centralheft,27.236714384261784,1228.3758187302064,832
3000,3000,0,60000,20,1,centralheft,96.72855137894088,2901.8565413682263,832
3001,3001,0,60000,20,3,centralheft,26.906183183842412,1213.4688615912928,832
2996,2996,0,60000,20,0,centralheft,11.424509178524785,209.06851796700357,832
3002,3002,0,60000,20,1,centralheft,96.69578813843012,2900.8736441529036,832
3003,3003,0,60000,20,3,centralheft,24.00300125977006,1082.5353568156297,832
3006,3006,0,60000,20,3,centralheft,25.194601037308935,1136.276506782633,832
3007,3007,0,60000,20,3,centralheft,30.262086807619593,1364.8201150236437,832
3008,3008,0,60000,20,3,centralheft,30.799357544505792,1389.0510252572112,832
3009,3009,0,60000,20,3,centralheft,28.61921262963822,1290.7264895966837,832
3010,3010,0,60000,20,3,centralheft,27.328745111246256,1232.5264045172062,832
2992,2992,0,60000,20,2,centralheft,65.49827006508,753.2301057484201,832
3004,3004,0,60000,20,0,centralheft,11.112776099890636,203.36380262799867,832
3012,3012,0,60000,20,2,centralheft,65.49827006508,753.2301057484201,832
3014,3014,0,60000,20,2,centralheft,66.24251286100274,761.7888979015315,832
3005,3005,0,60000,20,1,centralheft,95.60846193775505,2868.2538581326517,832
3011,3011,0,60000,20,3,centralheft,20.919297049791552,943.4602969455991,832
3016,3016,0,60000,20,1,centralheft,95.47771626839203,2864.331488051761,832
3017,3017,0,60000,20,3,centralheft,21.09014598408992,951.1655838824554,832
3019,3019,0,60000,20,3,centralheft,22.808797853576753,1028.6767831963116,832
3020,3020,0,60000,20,3,centralheft,24.2547838919295,1093.8907535260205,832
3015,3015,0,60000,20,2,centralheft,66.62433174219451,766.179815035237,832
3018,3018,0,60000,20,1,centralheft,94.60534531590092,2838.1603594770277,832
3022,3022,0,60000,20,2,centralheft,65.49827006508,753.2301057484201,832
3024,3024,0,60000,20,2,centralheft,65.49827006508,753.2301057484201,832
3021,3021,0,60000,20,3,centralheft,21.615023412758255,974.8375559153974,832
3013,3013,0,60000,20,0,centralheft,8.359545982847685,152.97969148611264,832
3025,3025,0,60000,20,2,centralheft,65.71273976865601,755.696507339544,832
3026,3026,0,60000,20,3,centralheft,22.856635663223695,1030.8342684113886,832
3023,3023,0,60000,20,1,centralheft,95.66764086573572,2870.029225972072,832
3027,3027,0,60000,20,0,centralheft,10.934209706702942,200.09603763266387,832
3030,3030,0,60000,20,1,centralheft,95.54818752829723,2866.445625848917,832
3032,3032,0,60000,20,1,centralheft,95.5128035219875,2865.3841056596248,832
3031,3031,0,60000,20,0,centralheft,5.362752381912148,98.13836858899231,832
3034,3034,0,60000,20,0,centralheft,5.81749650727277,106.46018608309168,832
3029,3029,0,60000,20,3,centralheft,23.125981643930498,1042.9817721412655,832
3035,3035,0,60000,20,0,centralheft,5.9841674732433106,109.51026476035258,832
3037,3037,0,60000,20,0,centralheft,6.281407774513454,114.9497622735962,832
3028,3028,0,60000,20,2,centralheft,65.49827006508,753.2301057484201,832
3036,3036,0,60000,20,3,centralheft,23.35256922031799,1053.2008718363413,832
3039,3039,0,60000,20,2,centralheft,65.49827006508,753.2301057484201,832
3040,3040,0,60000,20,3,centralheft,20.642328617210868,930.9690206362102,832
3038,3038,0,60000,20,0,centralheft,7.011190858449352,128.30479270962314,832
3041,3041,0,60000,20,2,centralheft,65.49827006508,753.2301057484201,832
3042,3042,0,60000,20,3,centralheft,23.58939275454154,1063.8816132298234,832
3033,3033,0,60000,20,1,centralheft,93.5855460880491,2807.566382641473,832
3043,3043,0,60000,20,0,centralheft,9.495475271590399,173.7671974701043,832
3045,3045,0,60000,20,3,centralheft,23.164297591017693,1044.709821354898,832
3048,3048,0,60000,20,3,centralheft,23.445402055414984,1057.3876326992158,832
3046,3046,0,60000,20,1,centralheft,92.99209927948523,2789.762978384557,832
3049,3049,0,60000,20,3,centralheft,22.18929380147581,1000.7371504465591,832
3047,3047,0,60000,20,0,centralheft,8.234691336305719,150.69485145439467,832
3044,3044,0,60000,20,2,centralheft,67.60975862799387,777.5122242219295,832
3053,3053,0,60000,20,2,centralheft,69.87903544794086,803.6089076513199,832
3054,3054,0,60000,20,2,centralheft,69.54486548983377,799.7659531330883,832
3055,3055,0,60000,20,2,centralheft,65.49827006508,753.2301057484201,832
3056,3056,0,60000,20,2,centralheft,66.09827006507997,760.1301057484197,832
3057,3057,0,60000,20,2,centralheft,66.08480200116774,759.9752230134291,832
3058,3058,0,60000,20,2,centralheft,67.35368570134091,774.5673855654204,832
3050,3050,0,60000,20,1,centralheft,94.34362748672781,2830.308824601834,832
3060,3060,0,60000,20,1,centralheft,94.97930380710731,2849.3791142132195,832
3061,3061,0,60000,20,1,centralheft,96.76748079698058,2903.0244239094172,832
3059,3059,0,60000,20,2,centralheft,65.49827006508,753.2301057484201,832
3062,3062,0,60000,20,1,centralheft,97.44982525770563,2923.4947577311686,832
3052,3052,0,60000,20,0,centralheft,7.702854659720819,140.962240272891,832
3051,3051,0,60000,20,3,centralheft,23.82345927010072,1074.4380130815425,832
3063,3063,0,60000,20,2,centralheft,65.91015372686034,757.966767858894,832
3065,3065,0,60000,20,0,centralheft,12.719667390073745,232.76991323834955,832
3066,3066,0,60000,20,3,centralheft,25.95930523253362,1170.7646659872662,832
3064,3064,0,60000,20,1,centralheft,95.59883879790475,2867.9651639371423,832
3070,3070,0,60000,20,1,centralheft,95.5098380050226,2865.295140150678,832
3069,3069,0,60000,20,3,centralheft,25.6909230704768,1158.6606304785037,832
3067,3067,0,60000,20,2,centralheft,66.03979569125976,759.4576504494871,832
3072,3072,0,60000,20,3,centralheft,25.93313820816491,1169.5845331882374,832
3073,3073,0,60000,20,2,centralheft,65.49827006508,753.2301057484201,832
3075,3075,0,60000,20,2,centralheft,65.49827006508049,753.2301057484256,832
3074,3074,0,60000,20,3,centralheft,23.69857745972719,1068.8058434336963,832
3068,3068,0,60000,20,0,centralheft,5.3453343076478115,97.81961782995495,832
3071,3071,0,60000,20,1,centralheft,95.04263113847713,2851.278934154314,832
3079,3079,0,60000,20,1,centralheft,95.01436804955344,2850.431041486603,832
3080,3080,0,60000,20,1,centralheft,95.57301570593845,2867.1904711781535,832
3077,3077,0,60000,20,3,centralheft,22.63414185633561,1020.799797720736,832
3076,3076,0,60000,20,2,centralheft,65.55820451177256,753.9193518853845,832
3078,3078,0,60000,20,0,centralheft,5.50424241369473,100.72763617061355,832
3082,3082,0,60000,20,3,centralheft,23.65507823375369,1066.8440283422915,832
3084,3084,0,60000,20,0,centralheft,8.5859773828877,157.12338610684492,832
3085,3085,0,60000,20,3,centralheft,25.10500733756684,1132.2358309242645,832
3081,3081,0,60000,20,1,centralheft,98.26512592978276,2947.9537778934828,832
3087,3087,0,60000,20,3,centralheft,21.64663936927836,976.2634355544542,832
3086,3086,0,60000,20,0,centralheft,12.533171477180225,229.35703803239812,832
3083,3083,0,60000,20,2,centralheft,65.49827006508049,753.2301057484256,832
3090,3090,0,60000,20,0,centralheft,13.007124924420541,238.0303861168959,832
3088,3088,0,60000,20,1,centralheft,97.58941737329903,2927.682521198971,832
3091,3091,0,60000,20,2,centralheft,67.46348745638454,775.8301057484223,832
3093,3093,0,60000,20,1,centralheft,97.61088593285373,2928.326577985612,832
3095,3095,0,60000,20,1,centralheft,99.01136563911932,2970.3409691735797,832
3094,3094,0,60000,20,2,centralheft,65.53594325758083,753.6633474621794,832
3097,3097,0,60000,20,2,centralheft,65.49827006508049,753.2301057484256,832
3098,3098,0,60000,20,2,centralheft,65.73060824909724,755.9019948646182,832
3092,3092,0,60000,20,0,centralheft,9.244455826909835,169.17354163245,832
3096,3096,0,60000,20,1,centralheft,98.51072845631394,2955.3218536894183,832
3101,3101,0,60000,20,1,centralheft,99.34955825383967,2980.4867476151903,832
3099,3099,0,60000,20,2,centralheft,65.49827006508032,753.2301057484237,832
3102,3102,0,60000,20,1,centralheft,94.29246554118423,2828.773966235527,832
3100,3100,0,60000,20,0,centralheft,3.159369424909707,57.816460475847634,832
3089,3089,0,60000,20,3,centralheft,24.547928577649266,1107.111578851982,832
3103,3103,0,60000,20,2,centralheft,66.471223593221,764.4190713220414,832
3107,3107,0,60000,20,2,centralheft,65.79911493458792,756.689821747761,832
3105,3105,0,60000,20,0,centralheft,11.365372228163999,207.9863117754012,832
3106,3106,0,60000,20,3,centralheft,23.97681521193973,1081.354366058482,832
3109,3109,0,60000,20,0,centralheft,11.462297867566503,209.76005097646703,832
3110,3110,0,60000,20,3,centralheft,24.192740282122237,1091.0925867237129,832
3111,3111,0,60000,20,0,centralheft,12.016501583561752,219.90197897918006,832
3104,3104,0,60000,20,1,centralheft,93.4166428408377,2802.4992852251307,832
3108,3108,0,60000,20,2,centralheft,66.74022442100677,767.5125808415778,832
3112,3112,0,60000,20,3,centralheft,25.37499346583454,1144.4122053091378,832
3116,3116,0,60000,20,3,centralheft,20.08692040053272,905.9201100640257,832
3114,3114,0,60000,20,1,centralheft,98.71880670944884,2961.564201283465,832
3113,3113,0,60000,20,0,centralheft,5.634093346299301,103.10390823727721,832
3119,3119,0,60000,20,0,centralheft,20.177309171949325,369.24475784667266,832
3120,3120,0,60000,20,0,centralheft,9.72864476759306,178.034199246953,832
3117,3117,0,60000,20,3,centralheft,20.822670476087485,939.1024384715456,832
3121,3121,0,60000,20,0,centralheft,8.504860948604367,155.63895535945994,832
3122,3122,0,60000,20,3,centralheft,23.0894614277528,1041.3347103916512,832
3123,3123,0,60000,20,0,centralheft,13.095961848221966,239.656101822462,832
3115,3115,0,60000,20,2,centralheft,65.49827006508049,753.2301057484256,832
3118,3118,0,60000,20,1,centralheft,97.52333311465924,2925.6999934397772,832
3127,3127,0,60000,20,1,centralheft,97.75907290685318,2932.7721872055954,832
3128,3128,0,60000,20,1,centralheft,97.75183913414233,2932.55517402427,832
3129,3129,0,60000,20,1,centralheft,97.65131606791516,2929.539482037455,832
3130,3130,0,60000,20,1,centralheft,97.32299842184209,2919.6899526552625,832
3126,3126,0,60000,20,2,centralheft,65.69400748035316,755.4810860240614,832
3125,3125,0,60000,20,0,centralheft,11.202010268341917,204.99678791065708,832
3132,3132,0,60000,20,2,centralheft,65.49827006508049,753.2301057484256,832
3133,3133,0,60000,20,0,centralheft,11.885330794490779,217.50155353918126,832
3134,3134,0,60000,20,2,centralheft,65.78600407207752,756.5390468288915,832
3135,3135,0,60000,20,0,centralheft,14.939569706191117,273.39412562329744,832
3137,3137,0,60000,20,0,centralheft,15.419913322631876,282.18441380416334,832
3124,3124,0,60000,20,3,centralheft,22.685023133987514,1023.0945433428369,832
3138,3138,0,60000,20,0,centralheft,4.093120493848378,74.90410503742532,832
3140,3140,0,60000,20,0,centralheft,5.844014977058682,106.94547408017388,832
3131,3131,0,60000,20,1,centralheft,92.55760733673681,2776.7282201021044,832
3136,3136,0,60000,20,2,centralheft,65.49827006508049,753.2301057484256,832
3142,3142,0,60000,20,1,centralheft,97.6702867094796,2930.108601284388,832
3139,3139,0,60000,20,3,centralheft,20.56236757023875,927.3627774177676,832
3144,3144,0,60000,20,1,centralheft,97.10169681497537,2913.050904449261,832
3145,3145,0,60000,20,3,centralheft,23.35932853075359,1053.5057167369869,832
3143,3143,0,60000,20,2,centralheft,66.6924259714588,766.9628986717762,832
3146,3146,0,60000,20,1,centralheft,93.18130966429557,2795.439289928867,832
3148,3148,0,60000,20,2,centralheft,65.69101238804575,755.4466424625261,832
3147,3147,0,60000,20,3,centralheft,21.760800195965174,981.4120888380294,832
3149,3149,0,60000,20,1,centralheft,97.91179554023219,2937.353866206966,832
3141,3141,0,60000,20,0,centralheft,14.202222956278861,259.9006800999032,832
3152,3152,0,60000,20,1,centralheft,98.4136872296786,2952.410616890358,832
3153,3153,0,60000,20,0,centralheft,3.920249569536644,71.74056712252059,832
3155,3155,0,60000,20,0,centralheft,14.153089462296684,259.00153716002933,832
3150,3150,0,60000,20,2,centralheft,65.81553959956206,756.8787053949636,832
3154,3154,0,60000,20,1,centralheft,98.08294758602139,2942.4884275806417,832
3156,3156,0,60000,20,0,centralheft,17.95211655941422,328.5237330372802,832
3151,3151,0,60000,20,3,centralheft,21.827259697305568,984.409412348481,832
3157,3157,0,60000,20,2,centralheft,66.57908901765958,765.6595237030851,832
3158,3158,0,60000,20,1,centralheft,93.966042837233,2818.98128511699,832
3161,3161,0,60000,20,2,centralheft,66.34431627016285,762.9596371068728,832
3163,3163,0,60000,20,2,centralheft,66.12580797632266,760.4467917277107,832
3162,3162,0,60000,20,1,centralheft,93.91438699298415,2817.4316097895244,832
3160,3160,0,60000,20,3,centralheft,25.071527576274335,1130.7258936899725,832
3165,3165,0,60000,20,1,centralheft,95.49153954063192,2864.7461862189575,832
3166,3166,0,60000,20,3,centralheft,25.966906650581166,1171.1074899412106,832
3168,3168,0,60000,20,3,centralheft,23.203403525432577,1046.4734989970093,832
3164,3164,0,60000,20,2,centralheft,66.1643106682016,760.8895726843184,832
3169,3169,0,60000,20,3,centralheft,24.63002191485994,1110.8139883601834,832
3171,3171,0,60000,20,3,centralheft,24.73122652398112,1115.3783162315485,832
3167,3167,0,60000,20,1,centralheft,95.08725417293718,2852.617625188115,832
3170,3170,0,60000,20,2,centralheft,66.65846242062585,766.5723178371973,832
3174,3174,0,60000,20,2,centralheft,65.76911766472878,756.344853144381,832
3172,3172,0,60000,20,3,centralheft,19.210169441955525,866.3786418321943,832
3175,3175,0,60000,20,2,centralheft,65.49827006508049,753.2301057484256,832
3177,3177,0,60000,20,2,centralheft,65.49827006508049,753.2301057484256,832
3159,3159,0,60000,20,0,centralheft,8.737635819157195,159.89873549057666,832
3176,3176,0,60000,20,3,centralheft,25.23299133399374,1138.0079091631178,832
3178,3178,0,60000,20,2,centralheft,65.87480248339742,757.5602285590703,832
3179,3179,0,60000,20,0,centralheft,9.865055145883609,180.53050916967004,832
3180,3180,0,60000,20,3,centralheft,28.498121133451786,1285.2652631186756,832
3181,3181,0,60000,20,2,centralheft,65.49827006508049,753.2301057484256,832
3173,3173,0,60000,20,1,centralheft,93.87540556834023,2816.2621670502067,832
3182,3182,0,60000,20,0,centralheft,9.332582972241294,170.7862683920157,832
3184,3184,0,60000,20,2,centralheft,65.49827006508049,753.2301057484256,832
3187,3187,0,60000,20,2,centralheft,65.49827006508032,753.2301057484237,832
3185,3185,0,60000,20,1,centralheft,93.47700815275002,2804.3102445825007,832
3188,3188,0,60000,20,2,centralheft,65.49827006508032,753.2301057484237,832
3189,3189,0,60000,20,1,centralheft,93.25024640877297,2797.507392263189,832
3183,3183,0,60000,20,3,centralheft,27.719261232946952,1250.1386816059075,832
3192,3192,0,60000,20,3,centralheft,28.943859518034888,1305.3680642633735,832
3190,3190,0,60000,20,2,centralheft,65.49827006508032,753.2301057484237,832
3186,3186,0,60000,20,0,centralheft,6.777359699295292,124.02568249710384,832
3194,3194,0,60000,20,2,centralheft,66.46348745638487,764.3301057484259,832
3191,3191,0,60000,20,1,centralheft,92.56396014757641,2776.9188044272923,832
3196,3196,0,60000,20,2,centralheft,66.61896807156344,766.1181328229795,832
3195,3195,0,60000,20,0,centralheft,8.273061656242541,151.39702830923852,832
3198,3198,0,60000,20,2,centralheft,65.49827006508032,753.2301057484237,832
3197,3197,0,60000,20,1,centralheft,91.92979007018178,2757.8937021054535,832
3193,3193,0,60000,20,3,centralheft,26.883209469932165,1212.4327470939406,832
3202,3202,0,60000,20,3,centralheft,28.9286468849182,1304.681974509811,832
3201,3201,0,60000,20,1,centralheft,93.92564674604345,2817.7694023813037,832
3203,3203,0,60000,20,3,centralheft,28.93022017027926,1304.7529296795947,832
3205,3205,0,60000,20,3,centralheft,26.59562456382476,1199.4626678284967,832
3199,3199,0,60000,20,0,centralheft,15.743579855051856,288.10751134744896,832
3207,3207,0,60000,20,0,centralheft,6.8056450606493115,124.5433046098824,832
3206,3206,0,60000,20,3,centralheft,24.926170587503396,1124.1702934964032,832
3209,3209,0,60000,20,3,centralheft,26.190806008411137,1181.2053509793423,832
3210,3210,0,60000,20,3,centralheft,26.070638113403184,1175.7857789144837,832
3204,3204,0,60000,20,1,centralheft,95.0745540195038,2852.236620585114,832
3208,3208,0,60000,20,0,centralheft,5.900201093034093,107.9736800025239,832
3211,3211,0,60000,20,3,centralheft,28.16130150004472,1270.0746976520168,832
3214,3214,0,60000,20,3,centralheft,28.33113520033798,1277.7341975352429,832
3213,3213,0,60000,20,0,centralheft,5.4434948010023865,99.61595485834368,832
3216,3216,0,60000,20,0,centralheft,5.932888354057522,108.57185687925266,832
3200,3200,0,60000,20,2,centralheft,66.58548529400493,765.7330808810566,832
3217,3217,0,60000,20,0,centralheft,6.45952108165863,118.20923579435294,832
3218,3218,0,60000,20,2,centralheft,65.65105052303625,754.9870810149168,832
3215,3215,0,60000,20,3,centralheft,27.521110623020608,1241.2020890982294,832
3219,3219,0,60000,20,0,centralheft,8.544123573030616,156.35746138646027,832
3220,3220,0,60000,20,2,centralheft,65.49827006508032,753.2301057484237,832
3212,3212,0,60000,20,1,centralheft,94.98746138276589,2849.623841482977,832
3222,3222,0,60000,20,0,centralheft,9.889665511977487,180.98087886918802,832
3221,3221,0,60000,20,3,centralheft,21.41489988592815,965.8119848553597,832
3226,3226,0,60000,20,3,centralheft,27.233638822051663,1228.2371108745301,832
3227,3227,0,60000,20,3,centralheft,23.974077569604713,1081.2308983891726,832
3225,3225,0,60000,20,0,centralheft,6.635057822175818,121.42155814581747,832
3228,3228,0,60000,20,3,centralheft,21.89341644915974,987.3930818571043,832
3229,3229,0,60000,20,0,centralheft,6.821766351067559,124.83832422453634,832
3231,3231,0,60000,20,0,centralheft,8.73570539621032,159.8634087506489,832
3223,3223,0,60000,20,2,centralheft,65.49827006508049,753.2301057484256,832
3232,3232,0,60000,20,0,centralheft,9.004839147539732,164.7885563999771,832
3234,3234,0,60000,20,0,centralheft,5.415604472070742,99.10556183889457,832
3230,3230,0,60000,20,3,centralheft,22.669206276629872,1022.3812030760073,832
3235,3235,0,60000,20,0,centralheft,7.500128199951023,137.25234605910373,832
3233,3233,0,60000,20,2,centralheft,65.49827006508049,753.2301057484256,832
3237,3237,0,60000,20,0,centralheft,8.273279544166163,151.4010156582408,832
3236,3236,0,60000,20,3,centralheft,19.30622932558006,870.7109425836607,832
3240,3240,0,60000,20,3,centralheft,21.237768488959194,957.8233588520598,832
3238,3238,0,60000,20,2,centralheft,66.34667817186867,762.9867989764898,832
3239,3239,0,60000,20,0,centralheft,6.476407752450173,118.51826186983817,832
3242,3242,0,60000,20,2,centralheft,65.49827006508049,753.2301057484256,832
3243,3243,0,60000,20,0,centralheft,12.294217753633795,224.98418489149844,832
3245,3245,0,60000,20,0,centralheft,12.58662759769198,230.33528503776324,832
3246,3246,0,60000,20,0,centralheft,13.084520551114945,239.4467260854035,832
3241,3241,0,60000,20,3,centralheft,27.245043434056246,1228.7514588759368,832
3248,3248,0,60000,20,3,centralheft,27.83916859166293,1255.546503483998,832
3224,3224,0,60000,20,1,centralheft,96.99837063435456,2909.9511190306366,832
3249,3249,0,60000,20,3,centralheft,24.37527217227781,1099.3247749697293,832
3251,3251,0,60000,20,3,centralheft,24.401308362035653,1100.499007127808,832
3250,3250,0,60000,20,1,centralheft,96.80361257901119,2904.108377370336,832
3253,3253,0,60000,20,1,centralheft,96.74146356296612,2902.2439068889835,832
3252,3252,0,60000,20,3,centralheft,24.344865843002584,1097.9534495194166,832
3244,3244,0,60000,20,2,centralheft,65.86348745638489,757.4301057484263,832
3247,3247,0,60000,20,0,centralheft,5.6274324090841,102.98201308623902,832
3254,3254,0,60000,20,1,centralheft,96.61055290399418,2898.3165871198253,832
3258,3258,0,60000,20,1,centralheft,96.8404895560297,2905.2146866808907,832
3255,3255,0,60000,20,3,centralheft,26.84391154292769,1210.6604105860388,832
3260,3260,0,60000,20,3,centralheft,26.90925740357253,1213.607508901121,832
3259,3259,0,60000,20,1,centralheft,97.80979497697372,2934.2938493092115,832
3257,3257,0,60000,20,0,centralheft,3.884092093586864,71.07888531263961,832
3263,3263,0,60000,20,0,centralheft,4.396071548740384,80.44810934194902,832
3261,3261,0,60000,20,3,centralheft,26.328125126262627,1187.3984431944446,832
3262,3262,0,60000,20,1,centralheft,99.09544918853462,2972.8634756560386,832
3256,3256,0,60000,20,2,centralheft,67.01640178579439,770.6886205366354,832
3266,3266,0,60000,20,1,centralheft,99.43232399656542,2982.9697198969625,832
3264,3264,0,60000,20,0,centralheft,9.303550433326022,170.2549729298662,832
3265,3265,0,60000,20,3,centralheft,25.27020158411659,1139.6860914436584,832
3270,3270,0,60000,20,3,centralheft,24.940902959537834,1124.8347234751564,832
3268,3268,0,60000,20,1,centralheft,96.09147219240803,2882.744165772241,832
3272,3272,0,60000,20,1,centralheft,95.5351128251316,2866.053384753948,832
3269,3269,0,60000,20,0,centralheft,6.214512137681754,113.7255721195761,832
3273,3273,0,60000,20,1,centralheft,95.7214204583602,2871.642613750806,832
3275,3275,0,60000,20,1,centralheft,95.92450926970803,2877.7352780912406,832
3271,3271,0,60000,20,3,centralheft,21.607297604770707,974.4891219751589,832
3274,3274,0,60000,20,0,centralheft,9.178401222034452,167.96474236323047,832
3278,3278,0,60000,20,0,centralheft,9.900723131084831,181.18323329885243,832
3267,3267,0,60000,20,2,centralheft,65.57506289620949,754.113223306409,832
3276,3276,0,60000,20,1,centralheft,95.581391882565,2867.44175647695,832
3279,3279,0,60000,20,0,centralheft,11.910320501970165,217.95886518605403,832
3281,3281,0,60000,20,1,centralheft,89.97763316141742,2699.3289948425227,832
3280,3280,0,60000,20,2,centralheft,65.49827006508049,753.2301057484256,832
3277,3277,0,60000,20,3,centralheft,21.240258298989517,957.9356492844272,832
3282,3282,0,60000,20,0,centralheft,7.660338771201481,140.1841995129871,832
3286,3286,0,60000,20,0,centralheft,8.149863778351255,149.14250714382797,832
3285,3285,0,60000,20,3,centralheft,26.292445784860714,1185.7893048972182,832
3288,3288,0,60000,20,3,centralheft,22.441812451838864,1012.1257415779328,832
3283,3283,0,60000,20,1,centralheft,94.81136113821498,2844.340834146449,832
3289,3289,0,60000,20,3,centralheft,19.972671947472953,900.7675048310302,832
3284,3284,0,60000,20,2,centralheft,65.49827006508049,753.2301057484256,832
3290,3290,0,60000,20,1,centralheft,94.30380869334961,2829.1142608004884,832
3291,3291,0,60000,20,3,centralheft,22.190092021412575,1000.7731501657072,832
3294,3294,0,60000,20,3,centralheft,20.438331004330966,921.7687282953266,832
3295,3295,0,60000,20,3,centralheft,27.869495264891246,1256.9142364465952,832
3293,3293,0,60000,20,1,centralheft,98.46325334819873,2953.897600445962,832
3297,3297,0,60000,20,1,centralheft,98.739737048397,2962.19211145191,832
3287,3287,0,60000,20,0,centralheft,7.483622079862918,136.9502840614914,832
3299,3299,0,60000,20,0,centralheft,13.548936585883311,247.9455395216646,832
3292,3292,0,60000,20,2,centralheft,65.49827006508049,753.2301057484256,832
3296,3296,0,60000,20,3,centralheft,27.200854784813764,1226.7585507951007,832
3298,3298,0,60000,20,1,centralheft,93.35921319631343,2800.776395889403,832
3303,3303,0,60000,20,1,centralheft,98.19062725981543,2945.7188177944627,832
3302,3302,0,60000,20,3,centralheft,26.770524371647706,1207.3506491613116,832
3300,3300,0,60000,20,0,centralheft,12.549176598626158,229.6499317548587,832
3304,3304,0,60000,20,1,centralheft,98.14624701556289,2944.3874104668866,832
3301,3301,0,60000,20,2,centralheft,65.49827006508049,753.2301057484256,832
3306,3306,0,60000,20,0,centralheft,12.750709559632064,233.33798494126677,832
3309,3309,0,60000,20,0,centralheft,5.081024691934658,92.98275186240426,832
3305,3305,0,60000,20,3,centralheft,27.708252283651007,1249.6421779926604,832
3307,3307,0,60000,20,1,centralheft,99.05286347391969,2971.5859042175907,832
3311,3311,0,60000,20,3,centralheft,28.019801658110715,1263.6930547807933,832
3310,3310,0,60000,20,0,centralheft,7.081043513762431,129.5830963018525,832
3313,3313,0,60000,20,3,centralheft,28.82040881462087,1299.8004375394012,832
3315,3315,0,60000,20,3,centralheft,28.299301295762362,1276.2984884388825,832
3308,3308,0,60000,20,2,centralheft,65.95395045206438,758.4704301987404,832
3317,3317,0,60000,20,2,centralheft,65.49827006508049,753.2301057484256,832
3316,3316,0,60000,20,3,centralheft,25.565787887256388,1153.017033715263,832
3312,3312,0,60000,20,1,centralheft,94.60922527831184,2838.276758349355,832
3319,3319,0,60000,20,3,centralheft,26.520087129572577,1196.0559295437233,832
3314,3314,0,60000,20,0,centralheft,6.7528356587320415,123.57689255479636,832
3322,3322,0,60000,20,0,centralheft,7.175887689970738,131.3187447264645,832
3318,3318,0,60000,20,2,centralheft,65.93041703004818,758.199795845554,832
3321,3321,0,60000,20,3,centralheft,26.626499238875855,1200.855115673301,832
3325,3325,0,60000,20,3,centralheft,27.0741417152298,1221.043791356864,832
3320,3320,0,60000,20,1,centralheft,97.65412846947741,2929.6238540843224,832
3327,3327,0,60000,20,1,centralheft,98.22764854460705,2946.8294563382115,832
3323,3323,0,60000,20,0,centralheft,7.1715619911819735,131.23958443863012,832
3326,3326,0,60000,20,3,centralheft,26.870455510713292,1211.8575435331695,832
3330,3330,0,60000,20,3,centralheft,26.952590391210308,1215.561826643585,832
3329,3329,0,60000,20,0,centralheft,7.525336767914686,137.71366285283875,832
3328,3328,0,60000,20,1,centralheft,99.43531701563383,2983.0595104690146,832
3324,3324,0,60000,20,2,centralheft,75.75233262355133,871.1518251708403,832
3334,3334,0,60000,20,2,centralheft,66.09827006508061,760.130105748427,832
3335,3335,0,60000,20,2,centralheft,66.09685556681,760.113839018315,832
3336,3336,0,60000,20,2,centralheft,65.49827006508049,753.2301057484256,832
3333,3333,0,60000,20,1,centralheft,92.48997700743118,2774.6993102229353,832
3337,3337,0,60000,20,2,centralheft,65.66667617451868,755.1667760069649,832
3331,3331,0,60000,20,3,centralheft,26.35677584506747,1188.690590612543,832
3338,3338,0,60000,20,1,centralheft,98.2227690670535,2946.683072011605,832
3340,3340,0,60000,20,3,centralheft,26.314100199266257,1186.7659189869082,832
3342,3342,0,60000,20,3,centralheft,27.832468725644144,1255.244339526551,832
3341,3341,0,60000,20,1,centralheft,97.99448665985086,2939.8345997955257,832
3332,3332,0,60000,20,0,centralheft,11.064889183062554,202.48747205004474,832
3339,3339,0,60000,20,2,centralheft,65.49827006508049,753.2301057484256,832
3343,3343,0,60000,20,3,centralheft,27.776648384676815,1252.7268421489243,832
3347,3347,0,60000,20,3,centralheft,27.78429183307407,1253.0715616716407,832
3346,3346,0,60000,20,2,centralheft,68.87785623100005,792.0953466565006,832
3348,3348,0,60000,20,3,centralheft,21.69681522336832,978.5263665739112,832
3350,3350,0,60000,20,3,centralheft,25.09374817071402,1131.7280424992023,832
3351,3351,0,60000,20,3,centralheft,25.291449815376108,1140.6443866734626,832
3344,3344,0,60000,20,1,centralheft,92.02822568457123,2760.8467705371368,832
3349,3349,0,60000,20,2,centralheft,74.91025050751277,861.467880836397,832
3352,3352,0,60000,20,3,centralheft,23.402316090463714,1055.4444556799135,832
3345,3345,0,60000,20,0,centralheft,9.352425073375741,171.14937884277606,832
3354,3354,0,60000,20,2,centralheft,65.49827006508049,753.2301057484256,832
3353,3353,0,60000,20,1,centralheft,97.4037135439532,2922.111406318596,832
3355,3355,0,60000,20,3,centralheft,23.404431049723698,1055.5398403425388,832
3359,3359,0,60000,20,3,centralheft,23.829524639524905,1074.7115612425732,832
3358,3358,0,60000,20,1,centralheft,100.03698564890013,3001.109569467004,832
3356,3356,0,60000,20,0,centralheft,9.23075654627411,168.9228447968162,832
3361,3361,0,60000,20,1,centralheft,100.09169288512082,3002.7507865536245,832
3363,3363,0,60000,20,1,centralheft,99.99546165325131,2999.8638495975392,832
3357,3357,0,60000,20,2,centralheft,65.49827006508049,753.2301057484256,832
3364,3364,0,60000,20,1,centralheft,95.42218241772704,2862.6654725318112,832
3365,3365,0,60000,20,2,centralheft,66.4221281381751,763.8544735890137,832
3367,3367,0,60000,20,2,centralheft,66.18302158137521,761.104748185815,832
3362,3362,0,60000,20,0,centralheft,6.087445668089175,111.4002557260319,832
3360,3360,0,60000,20,3,centralheft,19.007920190230738,857.2572005794063,832
3368,3368,0,60000,20,2,centralheft,66.09827006508061,760.130105748427,832
3371,3371,0,60000,20,2,centralheft,65.86204580842795,757.4135267969214,832
3366,3366,0,60000,20,1,centralheft,98.8444329097154,2965.332987291462,832
3372,3372,0,60000,20,2,centralheft,65.49827006508049,753.2301057484256,832
3370,3370,0,60000,20,3,centralheft,22.059098393162,994.8653375316062,832
3375,3375,0,60000,20,3,centralheft,20.18970917228051,910.555883669851,832
3376,3376,0,60000,20,3,centralheft,24.393554234241446,1100.1492959642892,832
3373,3373,0,60000,20,1,centralheft,98.10249693630794,2943.0749080892383,832
3378,3378,0,60000,20,1,centralheft,99.15322653528152,2974.5967960584458,832
3379,3379,0,60000,20,1,centralheft,99.50754344002925,2985.2263032008777,832
3374,3374,0,60000,20,2,centralheft,65.49827006508049,753.2301057484256,832
3381,3381,0,60000,20,2,centralheft,66.94894886800783,769.91291198209,832
3377,3377,0,60000,20,3,centralheft,24.24479447863862,1093.4402309866018,832
3382,3382,0,60000,20,2,centralheft,66.80105778012765,768.212164471468,832
3369,3369,0,60000,20,0,centralheft,13.388678899038913,245.0128238524121,832
3385,3385,0,60000,20,0,centralheft,13.449052443586785,246.11765971763816,832
3383,3383,0,60000,20,3,centralheft,24.817031492761505,1119.2481203235438,832
3384,3384,0,60000,20,2,centralheft,65.89827006508035,757.8301057484241,832
3387,3387,0,60000,20,3,centralheft,24.49138973441533,1104.5616770221313,832
3386,3386,0,60000,20,0,centralheft,10.854435874715733,198.63617650729793,832
3380,3380,0,60000,20,1,centralheft,97.67116752725208,2930.1350258175626,832
3390,3390,0,60000,20,0,centralheft,15.900833677702503,290.9852563019558,832
3391,3391,0,60000,20,1,centralheft,97.24520329531758,2917.3560988595273,832
3389,3389,0,60000,20,3,centralheft,25.563552405609133,1152.916213492972,832
3388,3388,0,60000,20,2,centralheft,65.76031782549082,756.2436549931444,832
3392,3392,0,60000,20,0,centralheft,4.549127768763445,83.24903816837104,832
3394,3394,0,60000,20,3,centralheft,21.11453154330539,952.265372603073,832
3393,3393,0,60000,20,1,centralheft,97.47590681850015,2924.2772045550046,832
3398,3398,0,60000,20,1,centralheft,98.74464953846037,2962.339486153811,832
3399,3399,0,60000,20,1,centralheft,97.93460711862002,2938.0382135586005,832
3400,3400,0,60000,20,1,centralheft,97.79742437122526,2933.9227311367576,832
3401,3401,0,60000,20,1,centralheft,99.87708548456636,2996.312564536991,832
3396,3396,0,60000,20,0,centralheft,8.477211815929753,155.13297623151448,832
3395,3395,0,60000,20,2,centralheft,65.49827006508049,753.2301057484256,832
3402,3402,0,60000,20,1,centralheft,96.71603510562842,2901.4810531688527,832
3403,3403,0,60000,20,0,centralheft,10.327182089768527,188.98743224276404,832
3405,3405,0,60000,20,1,centralheft,93.08885404808692,2792.6656214426075,832
3407,3407,0,60000,20,1,centralheft,93.04975896411136,2791.492768923341,832
3408,3408,0,60000,20,1,centralheft,95.43266053420933,2862.97981602628,832
3406,3406,0,60000,20,0,centralheft,8.16489315879769,149.41754480599775,832
3409,3409,0,60000,20,1,centralheft,95.139857618859,2854.19572856577,832
3404,3404,0,60000,20,2,centralheft,67.14125186732734,772.1243964742644,832
3397,3397,0,60000,20,3,centralheft,22.101304620794885,996.7688383978493,832
3413,3413,0,60000,20,3,centralheft,23.26906326874063,1049.4347534202025,832
3410,3410,0,60000,20,0,centralheft,14.829745448785348,271.38434171277186,832
3411,3411,0,60000,20,1,centralheft,95.41449909429018,2862.434972828705,832
3412,3412,0,60000,20,2,centralheft,66.9217976034624,769.6006724398176,832
3415,3415,0,60000,20,0,centralheft,11.87223960502542,217.26198477196522,832
3418,3418,0,60000,20,0,centralheft,12.80558062354455,234.34212541086526,832
3419,3419,0,60000,20,0,centralheft,12.073755512013474,220.9497258698466,832
3416,3416,0,60000,20,1,centralheft,95.03493169432113,2851.047950829634,832
3420,3420,0,60000,20,0,centralheft,3.159369424909806,57.81646047584945,832
3417,3417,0,60000,20,2,centralheft,65.87642295586905,757.578863992494,832
3422,3422,0,60000,20,0,centralheft,12.880729576599812,235.71735125177656,832
3423,3423,0,60000,20,2,centralheft,65.59593434381532,754.3532449538761,832
3414,3414,0,60000,20,3,centralheft,24.912374181387182,1123.548075580562,832
3426,3426,0,60000,20,3,centralheft,25.00971240258494,1127.938029356581,832
3421,3421,0,60000,20,1,centralheft,93.79895153404625,2813.9685460213877,832
3427,3427,0,60000,20,3,centralheft,22.782055967703783,1027.4707241434407,832
3428,3428,0,60000,20,1,centralheft,93.42994724791,2802.8984174373,832
3429,3429,0,60000,20,3,centralheft,23.25714954855583,1048.897444639868,832
3430,3430,0,60000,20,1,centralheft,98.05178131190247,2941.5534393570742,832
3432,3432,0,60000,20,1,centralheft,98.60842985916874,2958.252895775062,832
3425,3425,0,60000,20,2,centralheft,65.62578465842988,754.6965235719435,832
3431,3431,0,60000,20,3,centralheft,22.849889888161698,1030.5300339560927,832
3434,3434,0,60000,20,2,centralheft,65.49827006508049,753.2301057484256,832
3435,3435,0,60000,20,3,centralheft,23.726606103969615,1070.0699352890297,832
3424,3424,0,60000,20,0,centralheft,5.1846361866421935,94.87884221555214,832
3436,3436,0,60000,20,2,centralheft,65.49827006508049,753.2301057484256,832
3438,3438,0,60000,20,0,centralheft,5.552495071709221,101.61065981227875,832
3433,3433,0,60000,20,1,centralheft,93.87707032646588,2816.3121097939766,832
3440,3440,0,60000,20,0,centralheft,5.846280417222931,106.98693163517964,832
3439,3439,0,60000,20,2,centralheft,65.75924147516534,756.2312769644013,832
3443,3443,0,60000,20,2,centralheft,65.78896945412271,756.5731487224111,832
3437,3437,0,60000,20,3,centralheft,22.92931486982321,1034.1121006290268,832
3442,3442,0,60000,20,0,centralheft,10.03461470178906,183.6334490427398,832
3444,3444,0,60000,20,2,centralheft,66.92076086186843,769.588749911487,832
3447,3447,0,60000,20,2,centralheft,67.56569058896022,777.0054417730425,832
3441,3441,0,60000,20,1,centralheft,96.7104993694805,2901.314981084415,832
3446,3446,0,60000,20,0,centralheft,4.277134096580378,78.27155396742091,832
3448,3448,0,60000,20,2,centralheft,65.49827006508049,753.2301057484256,832
3449,3449,0,60000,20,1,centralheft,97.41730679298743,2922.519203789623,832
3451,3451,0,60000,20,2,centralheft,65.66389709364644,755.1348165769341,832
3450,3450,0,60000,20,0,centralheft,14.952687509827088,273.63418142983573,832
3445,3445,0,60000,20,3,centralheft,20.36374114447307,918.4047256157355,832
3455,3455,0,60000,20,3,centralheft,20.735246556555374,935.1596197006475,832
3453,3453,0,60000,20,2,centralheft,65.49827006508049,753.2301057484256,832
3457,3457,0,60000,20,2,centralheft,65.49827006508049,753.2301057484256,832
3452,3452,0,60000,20,1,centralheft,97.22162317635217,2916.6486952905652,832
3456,3456,0,60000,20,3,centralheft,19.74165184257763,890.3484981002512,832
3459,3459,0,60000,20,1,centralheft,97.4238798550512,2922.716395651536,832
3461,3461,0,60000,20,1,centralheft,98.3466398144142,2950.399194432426,832
3462,3462,0,60000,20,1,centralheft,97.5864042791812,2927.592128375436,832
3454,3454,0,60000,20,0,centralheft,4.1287297554291635,75.55575452435369,832
3463,3463,0,60000,20,1,centralheft,99.30894176679674,2979.268253003902,832
3458,3458,0,60000,20,2,centralheft,66.09827006508061,760.130105748427,832
3466,3466,0,60000,20,2,centralheft,65.98810997213909,758.8632646795995,832
3464,3464,0,60000,20,0,centralheft,12.276185304302789,224.65419106874106,832
3467,3467,0,60000,20,2,centralheft,65.49827006508049,753.2301057484256,832
3460,3460,0,60000,20,3,centralheft,22.269285159561218,1004.3447606962109,832
3468,3468,0,60000,20,0,centralheft,4.523239453031789,82.77528199048174,832
3470,3470,0,60000,20,3,centralheft,24.363236236956382,1098.7819542867328,832
3472,3472,0,60000,20,3,centralheft,23.555866565474652,1062.3695821029069,832
3465,3465,0,60000,20,1,centralheft,97.79429644272241,2933.828893281672,832
3474,3474,0,60000,20,1,centralheft,98.63426351356927,2959.027905407078,832
3471,3471,0,60000,20,0,centralheft,10.01522819184234,183.2786759107148,832
3476,3476,0,60000,20,0,centralheft,10.484548138994567,191.8672309436006,832
3473,3473,0,60000,20,3,centralheft,20.946189153113092,944.6731308054004,832
3469,3469,0,60000,20,2,centralheft,65.49827006508049,753.2301057484256,832
3475,3475,0,60000,20,1,centralheft,98.7444979071816,2962.334937215448,832
3478,3478,0,60000,20,3,centralheft,24.02912003007011,1083.713313356162,832
3481,3481,0,60000,20,3,centralheft,24.83930580088346,1120.252691619844,832
3479,3479,0,60000,20,2,centralheft,66.02007326742245,759.2308425753581,832
3482,3482,0,60000,20,3,centralheft,22.310345987550484,1006.1966040385269,832
3480,3480,0,60000,20,1,centralheft,98.38237975025586,2951.471392507676,832
3483,3483,0,60000,20,2,centralheft,66.68040995213201,766.8247144495181,832
3485,3485,0,60000,20,1,centralheft,97.77205241047753,2933.161572314326,832
3487,3487,0,60000,20,1,centralheft,98.33555938360028,2950.0667815080087,832
3488,3488,0,60000,20,1,centralheft,98.28762204613231,2948.6286613839693,832
3489,3489,0,60000,20,1,centralheft,98.38867659906197,2951.660297971859,832
3484,3484,0,60000,20,3,centralheft,23.833791361086206,1074.903990384988,832
3486,3486,0,60000,20,2,centralheft,66.80478151330095,768.254987402961,832
3477,3477,0,60000,20,0,centralheft,5.925152145127818,108.43028425583907,832
3490,3490,0,60000,20,1,centralheft,93.04858728381744,2791.4576185145233,832
3493,3493,0,60000,20,0,centralheft,6.415890127049193,117.41078932500022,832
3492,3492,0,60000,20,2,centralheft,65.67135961575126,755.2206355811395,832
3495,3495,0,60000,20,0,centralheft,6.864587863848533,125.62195790842816,832
3497,3497,0,60000,20,0,centralheft,5.597509057785277,102.43441575747056,832
3494,3494,0,60000,20,1,centralheft,99.52013961318492,2985.6041883955477,832
3491,3491,0,60000,20,3,centralheft,23.67788961764987,1067.8728217560092,832
3498,3498,0,60000,20,0,centralheft,8.06513955035654,147.59205377152466,832
3499,3499,0,60000,20,1,centralheft,98.90334517723228,2967.1003553169685,832
3502,3502,0,60000,20,1,centralheft,94.44670339941719,2833.4011019825157,832
3503,3503,0,60000,20,1,centralheft,99.60127507281844,2988.038252184553,832
3500,3500,0,60000,20,3,centralheft,20.783825206693646,937.3505168218835,832
3505,3505,0,60000,20,3,centralheft,23.41827484118553,1056.1641953374674,832
3496,3496,0,60000,20,2,centralheft,65.82720311665395,757.0128358415204,832
3507,3507,0,60000,20,2,centralheft,65.49827006508049,753.2301057484256,832
3501,3501,0,60000,20,0,centralheft,4.362553882978506,79.83473605850668,832
3504,3504,0,60000,20,1,centralheft,94.34125770243433,2830.23773107303,832
3510,3510,0,60000,20,1,centralheft,94.21649795179813,2826.494938553944,832
3508,3508,0,60000,20,2,centralheft,65.49827006508049,753.2301057484256,832
3511,3511,0,60000,20,1,centralheft,93.89138648837942,2816.741594651383,832
3509,3509,0,60000,20,0,centralheft,10.82049239841561,198.01501089100566,832
3513,3513,0,60000,20,1,centralheft,98.73925086105264,2962.1775258315793,832
3515,3515,0,60000,20,1,centralheft,94.79124957652202,2843.7374872956607,832
3514,3514,0,60000,20,0,centralheft,15.036998892155381,275.1770797264435,832
3517,3517,0,60000,20,0,centralheft,4.82135422414297,88.23078230181636,832
3518,3518,0,60000,20,0,centralheft,4.995275159415969,91.41353541731223,832
3512,3512,0,60000,20,2,centralheft,65.81540281217357,756.877132339996,832
3520,3520,0,60000,20,2,centralheft,66.37841736513276,763.3517996990267,832
3506,3506,0,60000,20,3,centralheft,21.632773635406,975.6380909568106,832
3521,3521,0,60000,20,2,centralheft,65.92489096488008,758.1362460961209,832
3519,3519,0,60000,20,0,centralheft,15.785977036202247,288.88337976250114,832
3516,3516,0,60000,20,1,centralheft,93.99719011582674,2819.9157034748023,832
3524,3524,0,60000,20,0,centralheft,14.924981599539878,273.1271632715798,832
3526,3526,0,60000,20,0,centralheft,15.468199405941794,283.06804912873486,832
3525,3525,0,60000,20,1,centralheft,95.55318491235205,2866.5955473705617,832
3527,3527,0,60000,20,0,centralheft,15.38248377982612,281.499453170818,832
3523,3523,0,60000,20,2,centralheft,65.55298567577626,753.859335271427,832
3530,3530,0,60000,20,2,centralheft,67.25527545333519,773.4356677133546,832
3531,3531,0,60000,20,2,centralheft,65.49827006508049,753.2301057484256,832
3522,3522,0,60000,20,3,centralheft,24.76649916375896,1116.9691122855293,832
3528,3528,0,60000,20,1,centralheft,97.5031823188543,2925.095469565629,832
3532,3532,0,60000,20,2,centralheft,66.27303231792853,762.139871656178,832
3533,3533,0,60000,20,3,centralheft,21.674167144359462,977.5049382106117,832
3535,3535,0,60000,20,2,centralheft,65.95143118682103,758.4414586484418,832
3537,3537,0,60000,20,2,centralheft,65.50370146224051,753.2925668157659,832
3529,3529,0,60000,20,0,centralheft,10.373920857002174,189.8427516831398,832
3538,3538,0,60000,20,2,centralheft,65.49827006508049,753.2301057484256,832
3536,3536,0,60000,20,3,centralheft,21.21045249389816,956.591407474807,832
3539,3539,0,60000,20,0,centralheft,8.896355452435058,162.80330477956159,832
3534,3534,0,60000,20,1,centralheft,96.41728101163959,2892.518430349188,832
3540,3540,0,60000,20,2,centralheft,67.13630985017548,772.067563277018,832
3541,3541,0,60000,20,3,centralheft,21.334453660453523,962.1838600864539,832
3545,3545,0,60000,20,3,centralheft,22.69077930671767,1023.3541467329669,832
3542,3542,0,60000,20,0,centralheft,8.660006565345402,158.47812014582087,832
3544,3544,0,60000,20,2,centralheft,65.67818959525712,755.299180345457,832
3546,3546,0,60000,20,3,centralheft,28.801973146164567,1298.968988892022,832
3543,3543,0,60000,20,1,centralheft,96.19803876347129,2885.9411629041388,832
3550,3550,0,60000,20,1,centralheft,96.80182621732529,2904.0547865197586,832
3547,3547,0,60000,20,0,centralheft,8.280056537100318,151.52503462893583,832
3549,3549,0,60000,20,3,centralheft,22.568004024455906,1017.8169815029614,832
3551,3551,0,60000,20,1,centralheft,97.1254007169533,2913.762021508599,832
3553,3553,0,60000,20,3,centralheft,23.081572777866068,1040.9789322817596,832
3554,3554,0,60000,20,1,centralheft,97.07042165021667,2912.1126495065,832
3552,3552,0,60000,20,0,centralheft,8.3658845506313,153.09568727655278,832
3548,3548,0,60000,20,2,centralheft,65.49827006508049,753.2301057484256,832
3557,3557,0,60000,20,0,centralheft,3.845051791206776,70.364447779084,832
3556,3556,0,60000,20,1,centralheft,94.19332603930113,2825.7997811790337,832
3560,3560,0,60000,20,1,centralheft,95.42511307081453,2862.753392124436,832
3558,3558,0,60000,20,2,centralheft,67.11409003938404,771.8120354529165,832
3555,3555,0,60000,20,3,centralheft,22.290719577463793,1005.311452943617,832
3563,3563,0,60000,20,3,centralheft,23.881491249737564,1077.0552553631642,832
3561,3561,0,60000,20,1,centralheft,95.78303506079331,2873.4910518237994,832
3564,3564,0,60000,20,3,centralheft,23.67419649270123,1067.7062618208256,832
3559,3559,0,60000,20,0,centralheft,8.070590609185885,147.6918081481017,832
3567,3567,0,60000,20,0,centralheft,8.021521799656496,146.7938489337139,832
3566,3566,0,60000,20,3,centralheft,23.231446813401522,1047.7382512844088,832
3568,3568,0,60000,20,0,centralheft,8.504487271399983,155.63211706661968,832
3562,3562,0,60000,20,2,centralheft,66.63740049986296,766.3301057484241,832
3569,3569,0,60000,20,3,centralheft,25.88994810665466,1167.6366596101252,832
3571,3571,0,60000,20,2,centralheft,65.49827006508049,753.2301057484256,832
3572,3572,0,60000,20,3,centralheft,25.51692186163927,1150.813175959931,832
3574,3574,0,60000,20,3,centralheft,28.99928281115848,1307.8676547832474,832
3575,3575,0,60000,20,3,centralheft,25.38233286105337,1144.743212033507,832
3565,3565,0,60000,20,1,centralheft,93.42933875681373,2802.880162704412,832
3577,3577,0,60000,20,1,centralheft,96.04500574251955,2881.3501722755864,832
3570,3570,0,60000,20,0,centralheft,6.974074853299056,127.62556981537273,832
3576,3576,0,60000,20,3,centralheft,23.390036188548137,1054.890632103521,832
3579,3579,0,60000,20,0,centralheft,8.518324113684372,155.885331280424,832
3573,3573,0,60000,20,2,centralheft,65.59510259122686,754.3436797991089,832
3582,3582,0,60000,20,2,centralheft,65.49827006508049,753.2301057484256,832
3583,3583,0,60000,20,2,centralheft,65.49827006508049,753.2301057484256,832
3578,3578,0,60000,20,1,centralheft,95.18830195307758,2855.6490585923275,832
3580,3580,0,60000,20,3,centralheft,32.826008140736405,1480.452967147212,832
3584,3584,0,60000,20,2,centralheft,65.78807287376802,756.5628380483322,832
3586,3586,0,60000,20,3,centralheft,32.56795774024714,1468.814894085146,832
3581,3581,0,60000,20,0,centralheft,4.217528819880116,77.18077740380613,832
3587,3587,0,60000,20,2,centralheft,65.85104785554596,757.2870503387785,832
3588,3588,0,60000,20,3,centralheft,27.139310351097542,1223.9828968344991,832
3585,3585,0,60000,20,1,centralheft,93.90628617914457,2817.188585374337,832
3592,3592,0,60000,20,1,centralheft,95.28716319448479,2858.614895834544,832
3589,3589,0,60000,20,0,centralheft,4.9215243350484394,90.06389533138645,832
3590,3590,0,60000,20,2,centralheft,65.55890279100687,753.9273820965791,832
3591,3591,0,60000,20,3,centralheft,23.698731684000364,1068.8127989484165,832
3595,3595,0,60000,20,2,centralheft,65.49827006508049,753.2301057484256,832
3597,3597,0,60000,20,2,centralheft,66.96653231951939,770.1151216744729,832
3596,3596,0,60000,20,3,centralheft,25.964236057047422,1170.9870461728387,832
3594,3594,0,60000,20,0,centralheft,11.199368321914866,204.94844029104206,832
3600,3600,0,60000,20,0,centralheft,11.385554603660095,208.35564924697974,832
3599,3599,0,60000,20,3,centralheft,24.46385656669468,1103.3199311579301,832
3602,3602,0,60000,20,3,centralheft,24.519890743897136,1105.847072549761,832
3603,3603,0,60000,20,3,centralheft,23.26042808229191,1049.0453065113652,832
3598,3598,0,60000,20,2,centralheft,66.92435702160235,769.630105748427,832
3604,3604,0,60000,20,3,centralheft,25.50361605968114,1150.2130842916195,832
3605,3605,0,60000,20,2,centralheft,66.69389505055733,766.9797930814093,832
3601,3601,0,60000,20,0,centralheft,8.866405861700597,162.25522726912095,832
3606,3606,0,60000,20,3,centralheft,21.478610051372076,968.6853133168806,832
3608,3608,0,60000,20,0,centralheft,10.03267122230632,183.59788336820566,832
3593,3593,0,60000,20,1,centralheft,92.91337807327012,2787.4013421981035,832
3610,3610,0,60000,20,0,centralheft,10.567411910750472,193.38363796673366,832
3612,3612,0,60000,20,0,centralheft,10.88225703995346,199.14530383114834,832
3607,3607,0,60000,20,2,centralheft,65.49827006508049,753.2301057484256,832
3614,3614,0,60000,20,2,centralheft,65.49827006508049,753.2301057484256,832
3609,3609,0,60000,20,3,centralheft,22.868852393662937,1031.3852429541985,832
3613,3613,0,60000,20,0,centralheft,13.359695495535442,244.4824275682986,832
3611,3611,0,60000,20,1,centralheft,93.15028656094655,2794.5085968283965,832
3618,3618,0,60000,20,1,centralheft,93.11330444852514,2793.399133455754,832
3619,3619,0,60000,20,1,centralheft,95.23318131088405,2856.9954393265216,832
3620,3620,0,60000,20,1,centralheft,95.95902169245201,2878.77065077356,832
3615,3615,0,60000,20,2,centralheft,65.78791572425025,756.5610308288778,832
3622,3622,0,60000,20,2,centralheft,65.49827006508049,753.2301057484256,832
3617,3617,0,60000,20,0,centralheft,6.010692427115743,109.9956714162181,832
3616,3616,0,60000,20,3,centralheft,20.684690164406355,932.8795264147266,832
3624,3624,0,60000,20,0,centralheft,5.314451480144618,97.25446208664653,832
3626,3626,0,60000,20,0,centralheft,5.908418515100095,108.12405882633175,832
3623,3623,0,60000,20,2,centralheft,65.49827006508049,753.2301057484256,832
3621,3621,0,60000,20,1,centralheft,95.76822565772005,2873.0467697316017,832
3625,3625,0,60000,20,3,centralheft,24.614543471089117,1110.1159105461193,832
3627,3627,0,60000,20,0,centralheft,11.62799586077323,212.79232425215014,832
3630,3630,0,60000,20,3,centralheft,21.022262583767965,948.1040425279352,832
3629,3629,0,60000,20,1,centralheft,95.07498790796187,2852.249637238856,832
3633,3633,0,60000,20,1,centralheft,95.73208565464702,2871.9625696394105,832
3632,3632,0,60000,20,3,centralheft,24.70751816604926,1114.3090692888218,832
3631,3631,0,60000,20,0,centralheft,7.8866711606082625,144.3260822391312,832
3636,3636,0,60000,20,0,centralheft,8.37619501805674,153.28436883043832,832
3637,3637,0,60000,20,0,centralheft,8.84989782667607,161.95313022817209,832
3638,3638,0,60000,20,0,centralheft,9.140477704585678,167.2707419939179,832
3635,3635,0,60000,20,3,centralheft,22.047952458192604,994.3626558644864,832
3634,3634,0,60000,20,1,centralheft,96.86613922989733,2905.98417689692,832
3640,3640,0,60000,20,3,centralheft,25.51075841518565,1150.5352045248728,832
3628,3628,0,60000,20,2,centralheft,65.49827006508049,753.2301057484256,832
3643,3643,0,60000,20,2,centralheft,65.67738419476835,755.289918239836,832
3644,3644,0,60000,20,2,centralheft,65.65735447147428,755.0595764219543,832
3642,3642,0,60000,20,3,centralheft,20.416234941216448,920.7721958488619,832
3639,3639,0,60000,20,0,centralheft,7.71638780610851,141.20989685178574,832
3645,3645,0,60000,20,2,centralheft,65.49827006508049,753.2301057484256,832
3647,3647,0,60000,20,0,centralheft,9.614158281679929,175.93909655474272,832
3648,3648,0,60000,20,2,centralheft,65.86348745638489,757.4301057484263,832
3641,3641,0,60000,20,1,centralheft,97.2611313286646,2917.8339398599383,832
3651,3651,0,60000,20,1,centralheft,97.0789106340367,2912.367319021101,832
3649,3649,0,60000,20,0,centralheft,9.061313053304824,165.82202887547828,832
3652,3652,0,60000,20,1,centralheft,97.17577086042863,2915.273125812859,832
3646,3646,0,60000,20,3,centralheft,21.464876609636217,968.0659350945934,832
3650,3650,0,60000,20,2,centralheft,67.04727626311701,771.0436770258457,832
3655,3655,0,60000,20,3,centralheft,24.91211332649845,1123.53631102508,832
3656,3656,0,60000,20,2,centralheft,66.32435702160222,762.7301057484256,832
3654,3654,0,60000,20,1,centralheft,97.64422070555956,2929.326621166787,832
3658,3658,0,60000,20,2,centralheft,65.58886272401635,754.271921326188,832
3659,3659,0,60000,20,1,centralheft,98.79272769058007,2963.781830717402,832
3660,3660,0,60000,20,2,centralheft,66.09827006508061,760.130105748427,832
3662,3662,0,60000,20,2,centralheft,66.06149805822687,759.707227669609,832
3657,3657,0,60000,20,3,centralheft,28.796318812118443,1298.7139784265419,832
3653,3653,0,60000,20,0,centralheft,8.1882737066239,149.84540883121736,832
3665,3665,0,60000,20,0,centralheft,8.484787308096529,155.2716077381665,832
3664,3664,0,60000,20,3,centralheft,28.81495292171376,1299.5543767692907,832
3666,3666,0,60000,20,0,centralheft,9.030710246342458,165.261997508067,832
3667,3667,0,60000,20,3,centralheft,23.79443767128862,1073.1291389751168,832
3669,3669,0,60000,20,3,centralheft,29.217788135674446,1317.7222449189176,832
3663,3663,0,60000,20,2,centralheft,65.49827006508049,753.2301057484256,832
3661,3661,0,60000,20,1,centralheft,97.65056545762673,2929.516963728802,832
3668,3668,0,60000,20,0,centralheft,13.530808477987536,247.6137951471719,832
3671,3671,0,60000,20,2,centralheft,65.74666955205137,756.0866998485908,832
3672,3672,0,60000,20,1,centralheft,97.62934937205985,2928.8804811617956,832
3673,3673,0,60000,20,0,centralheft,5.928934269380233,108.49949712965827,832
3670,3670,0,60000,20,3,centralheft,24.61146661643621,1109.977144401273,832
3679,3679,0,60000,20,3,centralheft,20.71914327126273,934.4333615339492,832
3677,3677,0,60000,20,1,centralheft,94.28183826366633,2828.45514790999,832
3680,3680,0,60000,20,3,centralheft,21.8442476653428,985.1755697069602,832
3678,3678,0,60000,20,0,centralheft,13.237172051184906,242.2402485366838,832
3681,3681,0,60000,20,1,centralheft,94.10889800375541,2823.2669401126623,832
3674,3674,0,60000,20,2,centralheft,65.84796709791661,757.251621626041,832
3682,3682,0,60000,20,3,centralheft,21.795233832309165,982.9650458371434,832
3683,3683,0,60000,20,0,centralheft,12.449343084002866,227.82297843725246,832
3685,3685,0,60000,20,2,centralheft,65.49827006508049,753.2301057484256,832
3684,3684,0,60000,20,1,centralheft,93.7942322069169,2813.826966207507,832
3688,3688,0,60000,20,2,centralheft,65.49827006508049,753.2301057484256,832
3687,3687,0,60000,20,0,centralheft,5.489776842713,100.4629162216479,832
3686,3686,0,60000,20,3,centralheft,23.755884634604982,1071.3903970206848,832
3691,3691,0,60000,20,0,centralheft,10.517485365424443,192.4699821872673,832
3694,3694,0,60000,20,3,centralheft,27.917996100836667,1259.1016241477337,832
3696,3696,0,60000,20,3,centralheft,28.090641927773525,1266.887950942586,832
3695,3695,0,60000,20,0,centralheft,9.33210568865369,170.77753410236255,832
3699,3699,0,60000,20,0,centralheft,9.774093411431183,178.86590942919065,832
3700,3700,0,60000,20,0,centralheft,10.187698544528965,186.43488336488008,832
3697,3697,0,60000,20,3,centralheft,23.505743769030207,1060.1090439832624,832
3703,3703,0,60000,20,3,centralheft,24.6636972405348,1112.3327455481194,832
3701,3701,0,60000,20,0,centralheft,5.73206491315064,104.89678791065671,832
3690,3690,0,60000,20,2,centralheft,67.22979040385405,773.1425896443216,832
3706,3706,0,60000,20,0,centralheft,5.767970111387786,105.55385303839648,832
3704,3704,0,60000,20,3,centralheft,26.295338234031522,1185.9197543548216,832
3708,3708,0,60000,20,0,centralheft,18.942174200797,346.64178787458513,832
3709,3709,0,60000,20,3,centralheft,21.869321352976257,986.3063930192293,832
3710,3710,0,60000,20,0,centralheft,5.0887045407365745,93.12329309547931,832
3707,3707,0,60000,20,2,centralheft,65.49827006508049,753.2301057484256,832
3712,3712,0,60000,20,0,centralheft,6.041961960951194,110.56790388540685,832
3711,3711,0,60000,20,3,centralheft,24.313577663880295,1096.5423526410013,832
3716,3716,0,60000,20,0,centralheft,18.171905654561186,332.54587347846973,832
3717,3717,0,60000,20,3,centralheft,21.23723220888325,957.7991726206346,832
3713,3713,0,60000,20,2,centralheft,65.49827006508049,753.2301057484256,832
3718,3718,0,60000,20,0,centralheft,19.04880256875913,348.59308700829206,832
3722,3722,0,60000,20,0,centralheft,8.334062049584272,152.51333550739218,832
3724,3724,0,60000,20,0,centralheft,8.208011984054997,150.20661930820643,832
3727,3727,0,60000,20,0,centralheft,8.700500789878996,159.21916445478564,832
3720,3720,0,60000,20,2,centralheft,65.49827006508049,753.2301057484256,832
3729,3729,0,60000,20,2,centralheft,65.49827006508049,753.2301057484256,832
3731,3731,0,60000,20,2,centralheft,65.49827006508049,753.2301057484256,832
3719,3719,0,60000,20,3,centralheft,18.953444431339882,854.8003438534288,832
3728,3728,0,60000,20,0,centralheft,6.5164721392908485,119.25144014902253,832
3734,3734,0,60000,20,0,centralheft,6.819450404321292,124.79594239907965,832
3735,3735,0,60000,20,0,centralheft,11.519803513768888,210.81240430197067,832
3737,3737,0,60000,20,0,centralheft,11.984403025172801,219.31457536066227,832
3732,3732,0,60000,20,2,centralheft,67.33566186318279,774.3601114266021,832
3739,3739,0,60000,20,2,centralheft,67.09997601586372,771.6497241824327,832
3738,3738,0,60000,20,0,centralheft,12.678051850865206,232.0083488708333,832
3740,3740,0,60000,20,2,centralheft,65.61280410039572,754.5472471545509,832
3744,3744,0,60000,20,0,centralheft,4.967539721165238,90.90597689732385,832
3745,3745,0,60000,20,2,centralheft,65.53809442620411,753.6880859013472,832
3733,3733,0,60000,20,3,centralheft,26.486317196632562,1194.5329055681286,832
3752,3752,0,60000,20,3,centralheft,22.751313343525663,1026.0842317930073,832
3753,3753,0,60000,20,3,centralheft,19.934951205919514,899.0662993869701,832
3748,3748,0,60000,20,0,centralheft,6.65784950519987,121.83864594515762,832
3754,3754,0,60000,20,3,centralheft,24.098879806753025,1086.8594792845615,832
3756,3756,0,60000,20,3,centralheft,21.742922354439244,980.60579818521,832
3750,3750,0,60000,20,2,centralheft,66.96049160161752,770.0456534186014,832
3757,3757,0,60000,20,3,centralheft,22.49637989596772,1014.5867333081442,832
3755,3755,0,60000,20,0,centralheft,6.273048519708096,114.79678791065817,832
3761,3761,0,60000,20,0,centralheft,6.459363406490107,118.20635033876897,832
3762,3762,0,60000,20,0,centralheft,7.598157010634068,139.04627329460345,832
3764,3764,0,60000,20,0,centralheft,9.469373270707951,173.2895308539555,832
3759,3759,0,60000,20,2,centralheft,65.49827006508049,753.2301057484256,832
3765,3765,0,60000,20,0,centralheft,12.45570030870167,227.9393156492406,832
3768,3768,0,60000,20,0,centralheft,13.213783041909032,241.8122296669353,832
3760,3760,0,60000,20,3,centralheft,23.84381366170522,1075.3559961429055,832
3769,3769,0,60000,20,0,centralheft,4.409988853354871,80.70279601639413,832
3770,3770,0,60000,20,3,centralheft,21.7315372915261,980.0923318478272,832
3766,3766,0,60000,20,2,centralheft,65.49827006508049,753.2301057484256,832
3773,3773,0,60000,20,2,centralheft,65.570497690222,754.060723437553,832
3777,3777,0,60000,20,2,centralheft,66.09827006508061,760.130105748427,832
3778,3778,0,60000,20,2,centralheft,66.07362648116364,759.8467045333819,832
3772,3772,0,60000,20,3,centralheft,20.331060464647017,916.9308269555804,832
3779,3779,0,60000,20,2,centralheft,65.49827006508049,753.2301057484256,832
3780,3780,0,60000,20,3,centralheft,24.035489082246983,1084.000557609339,832
3782,3782,0,60000,20,3,centralheft,22.29469062566264,1005.490547217385,832
3781,3781,0,60000,20,2,centralheft,65.49827006508049,753.2301057484256,832
3771,3771,0,60000,20,0,centralheft,6.124959966024713,112.08676737825226,832
3786,3786,0,60000,20,0,centralheft,6.512685750367083,119.18214923171763,832
3785,3785,0,60000,20,2,centralheft,65.49827006508049,753.2301057484256,832
3784,3784,0,60000,20,3,centralheft,20.549792098038974,926.7956236215578,832
3787,3787,0,60000,20,0,centralheft,8.788905679438919,160.83697393373222,832
3791,3791,0,60000,20,0,centralheft,9.197629451793217,168.31661896781588,832
3790,3790,0,60000,20,3,centralheft,21.942378230100893,989.6012581775503,832
3793,3793,0,60000,20,3,centralheft,22.236050988883456,1002.8458995986439,832
3792,3792,0,60000,20,0,centralheft,15.135381582013443,276.977482950846,832
3794,3794,0,60000,20,3,centralheft,20.398502110702147,919.9724451926668,832
3788,3788,0,60000,20,2,centralheft,66.37074617396866,763.2635810006395,832
3798,3798,0,60000,20,2,centralheft,66.5127340613579,764.8964417056159,832
3797,3797,0,60000,20,3,centralheft,21.75546015339892,981.1712529182914,832
3799,3799,0,60000,20,2,centralheft,65.49827006508049,753.2301057484256,832
3796,3796,0,60000,20,0,centralheft,14.892013720210675,272.5238510798554,832
3802,3802,0,60000,20,0,centralheft,14.604671564915694,267.2654896379572,832
3801,3801,0,60000,20,2,centralheft,65.89827006508035,757.8301057484241,832
3805,3805,0,60000,20,0,centralheft,6.8608915550313245,125.55431545707324,832
3800,3800,0,60000,20,3,centralheft,21.17013522509139,954.7730986516217,832
3806,3806,0,60000,20,2,centralheft,66.14346011520178,760.6497913248204,832
3810,3810,0,60000,20,2,centralheft,65.8495298125199,757.2695928439789,832
3809,3809,0,60000,20,3,centralheft,19.896998028967843,897.3546111064497,832
3811,3811,0,60000,20,2,centralheft,65.49827006508049,753.2301057484256,832
3808,3808,0,60000,20,0,centralheft,5.872553171259729,107.46772303405305,832
3815,3815,0,60000,20,2,centralheft,65.64355364065452,754.9008668675269,832
3817,3817,0,60000,20,2,centralheft,65.52295113667282,753.5139380717374,832
3819,3819,0,60000,20,2,centralheft,65.49827006508049,753.2301057484256,832
3816,3816,0,60000,20,0,centralheft,4.909278832096216,89.83980262736077,832
3821,3821,0,60000,20,0,centralheft,12.08813157661699,221.21280785209092,832
3814,3814,0,60000,20,3,centralheft,19.1201880225074,862.3204798150837,832
3823,3823,0,60000,20,0,centralheft,18.973760629416343,347.2198195183191,832
3827,3827,0,60000,20,0,centralheft,14.187621574775852,259.6334748183981,832
3829,3829,0,60000,20,0,centralheft,14.280168946254596,261.3270917164591,832
3820,3820,0,60000,20,2,centralheft,65.49827006508049,753.2301057484256,832
3832,3832,0,60000,20,2,centralheft,66.651011039011,766.4866269486265,832
3831,3831,0,60000,20,0,centralheft,3.6890327848931883,67.50929996354535,832
3834,3834,0,60000,20,2,centralheft,65.58289644365615,754.2033091020458,832
3826,3826,0,60000,20,3,centralheft,23.559050981963008,1062.5131992865317,832
3836,3836,0,60000,20,2,centralheft,65.49827006508049,753.2301057484256,832
3838,3838,0,60000,20,3,centralheft,25.11887405059543,1132.861219681854,832
3835,3835,0,60000,20,0,centralheft,10.615064997147355,194.2556894477966,832
3840,3840,0,60000,20,3,centralheft,25.04466556131377,1129.514416815251,832
3839,3839,0,60000,20,2,centralheft,67.79620649176681,779.6563746553184,832
3846,3846,0,60000,20,2,centralheft,66.92435702160235,769.630105748427,832
3842,3842,0,60000,20,0,centralheft,10.155982744905744,185.85448423177513,832
3847,3847,0,60000,20,2,centralheft,65.49827006508049,753.2301057484256,832
3845,3845,0,60000,20,3,centralheft,24.488091574126003,1104.4129299930828,832
3849,3849,0,60000,20,0,centralheft,10.557372963074933,193.19992522427128,832
3853,3853,0,60000,20,3,centralheft,25.331230633478874,1142.4385015698972,832
3857,3857,0,60000,20,3,centralheft,25.333350667702515,1142.5341151133835,832
3856,3856,0,60000,20,0,centralheft,6.485844633840077,118.69095679927341,832
3851,3851,0,60000,20,2,centralheft,65.49827006508049,753.2301057484256,832
3858,3858,0,60000,20,3,centralheft,21.956194780892783,990.2243846182646,832
3863,3863,0,60000,20,3,centralheft,20.7912185390634,937.6839561117595,832
3861,3861,0,60000,20,0,centralheft,7.760125810574343,142.01030233351048,832
3862,3862,0,60000,20,2,centralheft,66.6419498253577,766.3824229916136,832
3868,3868,0,60000,20,2,centralheft,69.22101696747268,796.0416951259358,832
3871,3871,0,60000,20,2,centralheft,70.01393497056952,805.1602521615496,832
3866,3866,0,60000,20,3,centralheft,22.24704516735759,1003.3417370478273,832
3867,3867,0,60000,20,0,centralheft,6.565851776471132,120.15508750942172,832
3873,3873,0,60000,20,3,centralheft,23.156974252254393,1044.3795387766731,832
3874,3874,0,60000,20,0,centralheft,6.4943121020650185,118.84591146778985,832
3877,3877,0,60000,20,0,centralheft,6.820560759596412,124.81626190061434,832
3875,3875,0,60000,20,3,centralheft,25.71315006950509,1159.6630681346796,832
3878,3878,0,60000,20,0,centralheft,6.8245081673847405,124.88849946314076,832
3880,3880,0,60000,20,0,centralheft,7.280705626210084,133.23691295964454,832
3879,3879,0,60000,20,3,centralheft,24.304225033644663,1096.1205490173743,832
3882,3882,0,60000,20,3,centralheft,24.326844459318256,1097.1406851152533,832
3881,3881,0,60000,20,0,centralheft,8.52125266524489,155.93892377398151,832
3872,3872,0,60000,20,2,centralheft,66.66077858413053,766.598953717501,832
3883,3883,0,60000,20,3,centralheft,25.634392022535945,1156.1110802163712,832
3885,3885,0,60000,20,0,centralheft,7.675736313684781,140.4659745404315,832
3890,3890,0,60000,20,3,centralheft,25.32930060116621,1142.351457112596,832
3893,3893,0,60000,20,3,centralheft,24.05269204286208,1084.7764111330798,832
3891,3891,0,60000,20,0,centralheft,12.631218476335114,231.1512981169326,832
3894,3894,0,60000,20,3,centralheft,24.902090366245393,1123.0842755176673,832
3887,3887,0,60000,20,2,centralheft,66.63367935846422,766.2873126223385,832
3896,3896,0,60000,20,3,centralheft,25.01396202576588,1128.1296873620413,832
3899,3899,0,60000,20,3,centralheft,24.59555377479705,1109.259475243347,832
3898,3898,0,60000,20,2,centralheft,65.49827006508049,753.2301057484256,832
3895,3895,0,60000,20,0,centralheft,5.803181805593916,106.19822704236867,832
3901,3901,0,60000,20,2,centralheft,65.82417415033927,756.9780027289016,832
3905,3905,0,60000,20,2,centralheft,67.22512440342025,773.0889306393328,832
3904,3904,0,60000,20,0,centralheft,6.824641937027643,124.89094744760587,832
3900,3900,0,60000,20,3,centralheft,19.874220380331426,896.3273391529474,832
3906,3906,0,60000,20,2,centralheft,65.49827006508049,753.2301057484256,832
3909,3909,0,60000,20,3,centralheft,25.019389955718655,1128.3744870029113,832
3908,3908,0,60000,20,0,centralheft,8.52376170534636,155.98483920783838,832
3910,3910,0,60000,20,2,centralheft,66.71100871989684,767.1766002788136,832
3913,3913,0,60000,20,2,centralheft,65.79971358563299,756.6967062347794,832
3911,3911,0,60000,20,3,centralheft,20.917831575546707,943.3942040571565,832
3916,3916,0,60000,20,3,centralheft,22.599965635455412,1019.2584501590391,832
3917,3917,0,60000,20,3,centralheft,23.468596613243577,1058.4337072572853,832
3912,3912,0,60000,20,0,centralheft,4.36292026489131,79.84144084751097,832
3919,3919,0,60000,20,0,centralheft,8.222739674130507,150.4761360365883,832
3920,3920,0,60000,20,0,centralheft,8.428811456645041,154.24724965660425,832
3918,3918,0,60000,20,3,centralheft,21.37743681035041,964.1224001468036,832
3921,3921,0,60000,20,0,centralheft,8.751967871011217,160.1610120395053,832
3914,3914,0,60000,20,2,centralheft,65.49827006508049,753.2301057484256,832
3924,3924,0,60000,20,2,centralheft,65.49827006508049,753.2301057484256,832
3925,3925,0,60000,20,2,centralheft,66.07334734947527,759.8434945189656,832
3927,3927,0,60000,20,2,centralheft,65.84733918222945,757.2444005956386,832
3922,3922,0,60000,20,3,centralheft,22.207501961132294,1001.5583384470665,832
3923,3923,0,60000,20,0,centralheft,12.401186391877866,226.94171097136496,832
3929,3929,0,60000,20,3,centralheft,27.166587685558085,1225.2131046186696,832
3933,3933,0,60000,20,3,centralheft,25.290101425338488,1140.5835742827658,832
3928,3928,0,60000,20,2,centralheft,65.68491288820698,755.3764982143803,832
3935,3935,0,60000,20,3,centralheft,25.63476533718062,1156.127916706846,832
3938,3938,0,60000,20,3,centralheft,25.695955712281382,1158.8876026238904,832
3932,3932,0,60000,20,0,centralheft,16.33870034395329,298.9982162943452,832
3940,3940,0,60000,20,0,centralheft,8.4367069379754,154.3917369649498,832
3941,3941,0,60000,20,0,centralheft,8.799288706370353,161.02698332657747,832
3939,3939,0,60000,20,3,centralheft,21.258378118816598,958.7528531586286,832
3936,3936,0,60000,20,2,centralheft,65.49827006508049,753.2301057484256,832
3942,3942,0,60000,20,0,centralheft,11.601613390930503,212.3095250540282,832
3946,3946,0,60000,20,0,centralheft,11.813609258457946,216.18904942978043,832
3944,3944,0,60000,20,3,centralheft,21.328818781000805,961.9297270231364,832
3948,3948,0,60000,20,3,centralheft,21.462598726754777,967.9632025766405,832
3947,3947,0,60000,20,0,centralheft,7.661691592338336,140.20895613979155,832
3951,3951,0,60000,20,0,centralheft,8.035264905546349,147.0453477714982,832
3950,3950,0,60000,20,3,centralheft,23.56229387231924,1062.6594536415978,832
3953,3953,0,60000,20,3,centralheft,21.870271182291972,986.3492303213679,832
3956,3956,0,60000,20,3,centralheft,26.161358139614542,1179.8772520966158,832
3952,3952,0,60000,20,0,centralheft,7.622764419087854,139.49658886930774,832
3945,3945,0,60000,20,2,centralheft,65.60238775462716,754.4274591782123,832
3960,3960,0,60000,20,0,centralheft,9.500643480267946,173.86177568890344,832
3961,3961,0,60000,20,2,centralheft,65.49827006508049,753.2301057484256,832
3958,3958,0,60000,20,3,centralheft,23.584762210838562,1063.6727757088192,832
3965,3965,0,60000,20,3,centralheft,24.190458572982873,1090.9896816415276,832
3964,3964,0,60000,20,2,centralheft,65.51370625252774,753.407621904069,832
3966,3966,0,60000,20,3,centralheft,23.528384519015844,1061.1301418076146,832
3967,3967,0,60000,20,2,centralheft,69.32857751344525,797.2786414046204,832
3963,3963,0,60000,20,0,centralheft,7.57868483617717,138.6899325020422,832
3972,3972,0,60000,20,0,centralheft,7.8638399520556455,143.90827112261832,832
3971,3971,0,60000,20,2,centralheft,65.49827006508049,753.2301057484256,832
3973,3973,0,60000,20,0,centralheft,5.4515673963034885,99.76368335235384,832
3968,3968,0,60000,20,3,centralheft,24.11246750098172,1087.4722842942756,832
3978,3978,0,60000,20,2,centralheft,65.49827006508049,753.2301057484256,832
3979,3979,0,60000,20,0,centralheft,5.452302580293103,99.7771372193638,832
3980,3980,0,60000,20,3,centralheft,21.088638589496508,951.0976003862925,832
3982,3982,0,60000,20,0,centralheft,14.260884500262925,260.97418635481154,832
3983,3983,0,60000,20,3,centralheft,22.910600420394957,1033.2680789598126,832
3985,3985,0,60000,20,3,centralheft,22.549485133974493,1016.9817795422496,832
3986,3986,0,60000,20,3,centralheft,25.52812569717617,1151.3184689426453,832
3984,3984,0,60000,20,0,centralheft,6.958245557523825,127.33589370268601,832
3989,3989,0,60000,20,0,centralheft,7.326258802851674,134.07053609218565,832
3990,3990,0,60000,20,0,centralheft,8.059596812782218,147.49062167391457,832
3988,3988,0,60000,20,3,centralheft,22.732858081629793,1025.2518994815036,832
3992,3992,0,60000,20,3,centralheft,23.28507460488177,1050.156864680168,832
3991,3991,0,60000,20,0,centralheft,3.260826126860906,59.67311812155458,832
3981,3981,0,60000,20,2,centralheft,65.88875737594113,757.720709823323,832
3994,3994,0,60000,20,0,centralheft,7.779264994028207,142.3605493907162,832
3999,3999,0,60000,20,0,centralheft,7.77468986426749,142.27682451609508,832
3997,3997,0,60000,20,2,centralheft,65.49827006508049,753.2301057484256,832
4002,4002,0,60000,20,2,centralheft,65.58224363429105,754.1958017943471,832
3993,3993,0,60000,20,3,centralheft,24.14843138499339,1089.094255463202,832
4001,4001,0,60000,20,0,centralheft,3.361260711379523,61.511071018245275,832
4005,4005,0,60000,20,0,centralheft,15.313672042983619,280.24019838660024,832
4004,4004,0,60000,20,3,centralheft,24.533471259103894,1106.4595537855857,832
4003,4003,0,60000,20,2,centralheft,66.34951578948106,763.0194315790322,832
4009,4009,0,60000,20,3,centralheft,24.718461467943463,1114.8026122042502,832
4010,4010,0,60000,20,2,centralheft,65.92694222459693,758.1598355828646,832
4011,4011,0,60000,20,3,centralheft,22.291482399334136,1005.3458562099695,832
4012,4012,0,60000,20,2,centralheft,65.49827006508049,753.2301057484256,832
4007,4007,0,60000,20,0,centralheft,7.232455952059249,132.35394392268427,832
4015,4015,0,60000,20,2,centralheft,66.66832802928137,766.6857723367357,832
4014,4014,0,60000,20,3,centralheft,22.199847540277492,1001.2131240665149,832
4022,4022,0,60000,20,3,centralheft,22.82649380191473,1029.4748704663543,832
4020,4020,0,60000,20,2,centralheft,65.87294313750539,757.5388460813119,832
4024,4024,0,60000,20,2,centralheft,65.89827006508035,757.8301057484241,832
4025,4025,0,60000,20,2,centralheft,65.78113739581528,756.4830800518757,832
4017,4017,0,60000,20,0,centralheft,7.4600669304460805,136.51922482716327,832
4027,4027,0,60000,20,0,centralheft,7.844863475609977,143.5610016036626,832
4026,4026,0,60000,20,2,centralheft,65.49827006508049,753.2301057484256,832
4029,4029,0,60000,20,2,centralheft,65.86348745638489,757.4301057484263,832
4028,4028,0,60000,20,0,centralheft,14.325294844367887,262.15289565193234,832
4023,4023,0,60000,20,3,centralheft,19.65000063372994,886.2150285812204,832
4030,4030,0,60000,20,2,centralheft,66.73467914065576,767.4488101175411,832
4032,4032,0,60000,20,0,centralheft,11.359258004749442,207.8744214869148,832
4037,4037,0,60000,20,0,centralheft,11.870298127995355,217.226455742315,832
4036,4036,0,60000,20,2,centralheft,65.49827006508049,753.2301057484256,832
4038,4038,0,60000,20,0,centralheft,9.418826587016703,172.36452654240566,832
4034,4034,0,60000,20,3,centralheft,21.935568565291486,989.294142294646,832
4040,4040,0,60000,20,2,centralheft,65.65233596682589,755.0018636184977,832
4043,4043,0,60000,20,2,centralheft,65.49827006508049,753.2301057484256,832
4045,4045,0,60000,20,2,centralheft,65.7535022762604,756.1652761769947,832
4046,4046,0,60000,20,2,centralheft,65.49827006508049,753.2301057484256,832
4048,4048,0,60000,20,3,centralheft,21.62640003247805,975.35064146476,832
4050,4050,0,60000,20,3,centralheft,20.813015209371663,938.666985942662,832
4041,4041,0,60000,20,0,centralheft,6.929978906735642,126.81861399326226,832
4049,4049,0,60000,20,2,centralheft,65.7463410385203,756.0829219429834,832
4051,4051,0,60000,20,3,centralheft,19.687458222902134,887.9043658528863,832
4054,4054,0,60000,20,3,centralheft,20.342496008849174,917.4465699990978,832
4053,4053,0,60000,20,2,centralheft,65.83443356109606,757.0959859526047,832
4056,4056,0,60000,20,2,centralheft,65.49827006508049,753.2301057484256,832
4059,4059,0,60000,20,2,centralheft,65.49827006508049,753.2301057484256,832
4052,4052,0,60000,20,0,centralheft,12.467265478147656,228.15095825010212,832
4063,4063,0,60000,20,0,centralheft,12.734274695609061,233.03722692964584,832
4062,4062,0,60000,20,2,centralheft,70.22860793062642,807.6289912022039,832
4064,4064,0,60000,20,0,centralheft,19.845177316404015,363.1667448901935,832
4068,4068,0,60000,20,0,centralheft,5.309458411565636,97.16308893165115,832
4066,4066,0,60000,20,2,centralheft,66.14754553625971,760.6967736669867,832
4071,4071,0,60000,20,2,centralheft,65.77143730789153,756.3715290407526,832
4073,4073,0,60000,20,2,centralheft,65.49827006508049,753.2301057484256,832
4069,4069,0,60000,20,0,centralheft,11.063888309912866,202.46915607140545,832
4077,4077,0,60000,20,0,centralheft,10.326127305885821,188.96812969771054,832
4075,4075,0,60000,20,2,centralheft,65.49827006508049,753.2301057484256,832
4078,4078,0,60000,20,0,centralheft,7.4807639825488215,136.89798088064344,832
4084,4084,0,60000,20,0,centralheft,10.73752939402448,196.49678791064798,832
4085,4085,0,60000,20,0,centralheft,4.304686006288763,78.77575391508435,832
4086,4086,0,60000,20,0,centralheft,4.763604390598808,87.1739603479582,832
4087,4087,0,60000,20,0,centralheft,5.879146794468794,107.58838633877895,832
4088,4088,0,60000,20,0,centralheft,6.846119835562271,125.28399299078956,832
4082,4082,0,60000,20,2,centralheft,65.49827006508049,753.2301057484256,832
4090,4090,0,60000,20,0,centralheft,9.11600973230768,166.82297810123055,832
4094,4094,0,60000,20,0,centralheft,8.571123976473414,156.85156876946348,832
4097,4097,0,60000,20,0,centralheft,6.512326069499122,119.17556707183394,832
4099,4099,0,60000,20,0,centralheft,7.728884372051846,141.4385840085488,832
4093,4093,0,60000,20,2,centralheft,65.49827006508049,753.2301057484256,832
4101,4101,0,60000,20,0,centralheft,9.64741735753059,176.5477376428098,832
4106,4106,0,60000,20,0,centralheft,8.845737633063997,161.87699868507116,832
4110,4110,0,60000,20,0,centralheft,7.9529714546457955,145.53937762001806,832
4112,4112,0,60000,20,0,centralheft,9.440559173969627,172.76223288364417,832
4119,4119,0,60000,20,0,centralheft,8.643725849662806,158.18018304882935,832
4128,4128,0,60000,20,0,centralheft,5.249775450046613,96.07089073585303,832
4134,4134,0,60000,20,0,centralheft,17.58214678095876,321.7532860915453,832
4135,4135,0,60000,20,0,centralheft,6.45545431984098,118.13481405308994,832
4138,4138,0,60000,20,0,centralheft,6.2965518677323855,115.22689917950265,832
4140,4140,0,60000,20,0,centralheft,8.98937719044446,164.5056025851336,832
4143,4143,0,60000,20,0,centralheft,11.448281318709055,209.50354813237573,832
4145,4145,0,60000,20,0,centralheft,15.475705025871763,283.20540197345326,832
4149,4149,0,60000,20,0,centralheft,4.358799950990982,79.76603910313497,832
4150,4150,0,60000,20,0,centralheft,7.136274042729427,130.59381498194853,832
4154,4154,0,60000,20,0,centralheft,14.757887685631768,270.06934464706137,832
4157,4157,0,60000,20,0,centralheft,8.988562505554476,164.49069385164694,832
4160,4160,0,60000,20,0,centralheft,4.081791689107083,74.69678791065962,832
4161,4161,0,60000,20,0,centralheft,10.079732160704394,184.4590985408904,832
4164,4164,0,60000,20,0,centralheft,5.679269835353971,103.93063798697767,832
4170,4170,0,60000,20,0,centralheft,8.414054939942918,153.97720540095543,832
4177,4177,0,60000,20,0,centralheft,9.101080756791205,166.54977784927905,832
4187,4187,0,60000,20,0,centralheft,11.91173908422759,217.9848252413649,832
4197,4197,0,60000,20,0,centralheft,12.399850408710037,226.91726247939368,832
4198,4198,0,60000,20,0,centralheft,4.641440279943519,84.93835712296641,832
4199,4199,0,60000,20,0,centralheft,9.91592938248592,181.46150769949236,832
4218,4218,0,60000,20,0,centralheft,9.949504336176975,182.07592935203866,832
4222,4222,0,60000,20,0,centralheft,7.929283342068107,145.10588515984637,832
4227,4227,0,60000,20,0,centralheft,5.504603905508384,100.73425147080343,832
